0.000000000000000 0.000000000000000 0.784372849266918 0.000000000000000 0.000000000000000 0.173520659132142 0.621863445556333 0.249719542944454 0.000000000000000 0.000000000000000 0.961726436106308 0.000000000000000 0.000000000000000 0.000000000000000 0.000000000000000 0.342570953715031 0.963318492448581 0.000000000000000 0.018072740391000 0.845119559487453 0.505775032137572 0.000000000000000 0.000000000000000 0.188507033681108 0.353771981483897 0.956708024795492 0.000000000000000 0.840280844428982 0.088141574343682 0.620591411345335 0.482859328257172 0.973695295641602 0.000000000000000 0.000000000000000 0.326913314631819 0.437495085755449 0.962220469924512 0.102259349423894 0.000000000000000 0.614950254015311 0.000000000000000 0.000000000000000 0.652192420483602 0.658120074532596 0.000000000000000 0.000000000000000 0.370922998299600 0.787778764485669 0.538655538519456 0.000000000000000 0.129149018139592 0.499772776322572 0.000000000000000 0.000000000000000 0.059365200870732 0.000000000000000 0.972635488240492 0.000000000000000 0.995215501514889 0.000000000000000 0.463861714685157 0.932748143070753 0.000000000000000 0.000000000000000 0.106796040981534 0.000000000000000 0.046156570978639 0.209195018539065 0.512501550105402 0.000000000000000 0.000000000000000 0.461669911653910 0.000000000000000 0.000000000000000 0.284957181363816 0.000000000000000 0.000000000000000 0.637015125646363 0.000000000000000 0.000000000000000 0.000000000000000 0.805342040121234 0.000000000000000 0.165473055310884 0.000000000000000 0.000000000000000 0.000000000000000 0.000000000000000 0.000000000000000 0.909799216603896 0.232790297936193 0.000000000000000 0.001082059889544 0.557944762383923 0.509003207714017 0.831560096811459 0.000000000000000 0.000000000000000 0.000000000000000 0.000000000000000 0.000000000000000 0.185616642293570 0.000000000000000 0.000000000000000 0.756963333765143 0.456949480514774 0.288541821655430 0.000000000000000 0.000000000000000 0.635928153342929 0.000000000000000 0.000000000000000 0.449044218902116 0.000000000000000 0.000000000000000 0.913985319965129 0.000000000000000 0.000000000000000 0.000000000000000 0.208776209613108 0.000000000000000 0.000000000000000 0.000000000000000 0.024874799265809 0.000000000000000 0.000000000000000 0.000000000000000 0.786429453750592 0.163965290543460 0.000000000000000 0.000000000000000 0.000000000000000 0.000000000000000 0.910417458363422 0.171746462655355 0.000000000000000 0.519417352918789 0.000000000000000 0.000000000000000 0.000000000000000 0.783904689533090 0.000000000000000 0.182808081528440 0.000000000000000 0.321502618027911 0.000000000000000 0.000000000000000 0.765078358736869 0.000000000000000 0.000000000000000 0.000000000000000 0.220581931536981 0.000000000000000 0.000000000000000 0.901711330018294 0.000000000000000 0.000000000000000 0.589906417603139 0.000000000000000 0.516905328812897 0.087174842464985 0.000000000000000 0.000000000000000 0.101097997108170 0.401437779671709 0.000000000000000 0.000000000000000 0.373720539230575 0.000000000000000 


-17.796251545829076 12.919802102951440 -0.899092263029429 -6.758163566288180 8.184544490869360 -12.635049155767312 -3.635393666103348 9.008400832726354 6.811339693456835 22.885561573137622 -5.262389512321390 -13.103196398036568 4.117952711555034 
-14.272635995818682 10.534595229166564 -0.274416848400084 -5.997871758324473 6.524331539978304 -9.596934006119170 -3.294965642515594 7.109531149950404 4.872617466141710 18.479319626531357 -4.908444904137618 -10.106518769249414 4.557651843701564 
2.537114071268762 -1.744394199484816 -0.168409019360556 0.675092484203900 -0.937326943320671 2.050573969653211 0.628689762633343 -0.194973561015712 -0.548439106792747 -2.317859560880359 -0.114949083772678 0.956825418760115 -0.016847636840576 
-2.554097666775116 1.758833210134800 -0.111295865925525 -0.961192746437968 1.217890443269093 -1.998692771440824 0.140182196324405 1.639828933993460 0.780864405465502 2.951580285806889 -0.502238654806475 -2.438882727090758 1.036248759137429 
-0.064047588663614 0.052279922924467 0.159727789101207 0.136489262155136 -0.123866382066855 -0.097785505189046 -0.452303575616395 0.346708397630923 -0.110882657968615 -0.552703345119221 0.342331309474577 0.861460974960155 -0.604116334950098 
12.144436952098054 -8.639075752440380 1.123694825769958 4.714083184701075 -5.760090189991317 8.218201193535462 2.357395615927024 -6.171785734279686 -3.829679090877415 -16.735786928368203 4.049931415874033 8.821601804627260 -4.073634587722078 
1.677617829261079 -0.890064928865639 -0.171327767463148 0.184255974606769 -0.303600015543031 0.908511603695385 -0.078584652625025 -1.024721748393397 -0.149687908692584 -2.648624853571360 1.265958972585469 1.206995885801605 -0.367031189283165 
-15.609531284609654 13.218275758605925 -0.200454284098375 -5.970667872622989 7.723224531118141 -13.686239591482520 -2.536445625334078 7.907060235890512 4.850517272280111 20.723079491504180 -6.444252687777928 -12.184960775966578 4.225496179365702 
30.325198143940419 -22.721959711175309 0.773616723191468 12.485875908062660 -14.251519659207744 21.859560592404979 5.111498953306038 -15.528002483245187 -10.143414111057895 -39.309394926866553 10.422997098524604 22.229077662729047 -7.041615715790715 
-18.006928544276175 13.086169496444302 -0.411938947258471 -7.049903138610511 9.251969283273741 -12.816194049039931 -2.133056489476951 9.047464599871727 5.727278366718038 24.470256252296387 -7.240943990032036 -14.201429920536391 4.876410930831356 
-0.252252900893943 0.124724272233373 0.097440415495825 0.030045300970887 -0.005338208854377 -0.188921598866000 -0.228666955763181 -0.117960961110263 -0.024408534257679 1.241721013843305 0.217752565553202 0.011435867141184 -0.111124227203397 
-2.275117822861914 1.757941288923395 -0.226928955861470 -1.031651817539566 1.265156057262194 -1.842686302014160 0.308173399006806 0.969495205486366 0.838104725754323 3.496300738842977 -1.090101886207881 -1.456281793065826 0.610120458327927 
9.095076426411687 -6.814294613761798 0.473171824205631 4.006314711041137 -5.063426834585146 8.274464290694080 0.930640210548334 -5.074974884706247 -3.254694301989019 -11.979200124824857 3.119087119321270 7.858237385353780 -3.073775194545505 

