0.000000000000000 0.000000000000000 0.199725620174634 0.403204322917360 0.656621143452001 0.590282988097594 0.662879449583246 0.356423705021865 0.000000000000000 0.000000000000000 0.000000000000000 0.000000000000000 0.000000000000000 0.000000000000000 0.049895465395682 0.000000000000000 0.646670183527064 0.000000000000000 0.560939625814651 0.000000000000000 0.310540659213677 0.578512268168593 0.000000000000000 0.000000000000000 0.000000000000000 0.578750977234299 0.000000000000000 0.000000000000000 0.528538539595226 0.374077616096358 0.000000000000000 0.000000000000000 0.170052389344918 0.960374409869456 0.940412860336756 0.000000000000000 0.692042575513744 0.000000000000000 0.046039592048982 0.349925995066178 0.170248277822487 0.642415551368013 0.000000000000000 0.000000000000000 0.107610275954103 0.866226163266592 0.431820495574476 0.000000000000000 0.093957877440621 0.000000000000000 0.628017126233422 0.336021976524735 0.326028501203587 0.000000000000000 0.305648618299084 0.677811617645706 0.614242648664132 0.071539946438491 0.000000000000000 0.000000000000000 0.742848302005523 0.000000000000000 0.000000000000000 0.000000000000000 0.000000000000000 0.000000000000000 0.000000000000000 0.000000000000000 0.000000000000000 0.000000000000000 0.554537941966758 0.000000000000000 0.000000000000000 0.000000000000000 0.535313226510378 0.000000000000000 0.000000000000000 0.000000000000000 0.181639106646283 0.346647481583575 0.000000000000000 0.000000000000000 0.708115331117945 0.000000000000000 0.000000000000000 0.653014475300451 0.201803830343627 0.994289562897181 0.000000000000000 0.274149081751608 0.000000000000000 0.256305087190892 0.000000000000000 0.000000000000000 0.000000000000000 0.000000000000000 0.066783882844000 0.000000000000000 0.567822381936225 0.503437207703871 0.000000000000000 0.376519873249578 0.000000000000000 0.820469980204290 0.000000000000000 0.000000000000000 0.000000000000000 0.000000000000000 0.610261003955862 0.000000000000000 0.000000000000000 0.000000000000000 0.938079342431221 0.000000000000000 0.433946337920977 0.000000000000000 0.000000000000000 0.584833373710116 0.924523975834333 0.180612430198329 0.633905311248665 0.000000000000000 0.000000000000000 0.577787805071244 0.000000000000000 0.296598011572610 0.969276461482242 0.000000000000000 0.911714088849734 0.000000000000000 0.000000000000000 0.000000000000000 0.000000000000000 0.439945724684822 0.268091950617143 0.135524547162357 0.000000000000000 0.000000000000000 0.000000000000000 0.000000000000000 0.118819753034075 0.829066005059359 0.000000000000000 0.217108682377239 


0.525581793031109 0.367643354480172 -0.269559674682510 -0.035528355097051 0.263134947180215 2.082455502005963 -0.527254293531536 -0.071845635648047 -0.200494793501977 -0.554452341384786 -0.308144660809934 0.461248180911803 
1.076540337151517 0.279882271761840 0.810076150676542 -1.233438805846258 0.045415059669334 2.373425880156876 -0.622342119223882 0.143752442512599 -0.287150670124541 -1.194827402631806 -0.260980164943430 0.993975360607282 
1.787312141604531 -0.671344765182439 -1.119626191093811 1.375998608999749 2.120823457749077 0.775743896631533 1.534254836971719 0.350990771360756 -3.286367027235075 -1.144245423437248 -1.277813898091896 0.951896277972086 
-1.194254499168620 0.156536154944568 -0.688087680018252 0.802709710624985 -0.216153837784281 -1.794666519331552 0.465177652114302 1.195606175547343 0.127341147925453 1.045155425421055 0.239220430271052 -0.869463437635672 
0.915894257621283 -0.519578626849743 -0.133032056097320 0.401992491341642 1.504413911863358 0.066110742044227 -0.462611826900283 0.264873334615436 -1.528003267083180 0.262230161736236 -0.830787423164375 -0.218148930129787 
1.686171176497994 -1.850939498796328 0.438728917211157 0.633882829967533 0.670559660995802 -0.148261649411592 -0.200832917883831 -0.668834856830778 -0.992675569767205 -0.499587190498665 -0.032132629904047 0.415605933323002 
-0.002137518333536 1.631160951869861 -0.050216128350277 -0.933780917111006 -1.699997455460023 0.675556058033106 0.543629001161489 -0.142890992411910 1.220295654612668 -0.334360030746512 0.673064937673549 0.278153674247745 
-1.320732097270907 1.188052381196273 1.017672622483015 -1.732828182151177 -1.664269733093439 0.462864158868985 -1.212161717716133 -0.663747995014226 3.886938533810343 0.424989368449176 0.777379492118343 -0.353548102284950 
-0.154858390330153 -1.486822144859516 0.534148997478903 0.302517215381799 1.543213255307357 -0.980537276005359 -0.440823316160818 -0.338250091266776 -0.915703411872529 0.241145883656625 0.454375300165245 -0.200608946646680 
-1.092753720555048 1.583767589570287 0.007234709939253 0.174997453273024 -1.044599487758017 -0.269497169472869 0.094302979526509 -0.006231345219945 1.299782148277363 0.000322240305289 0.142350957004700 -0.000268071290420 
-0.704059204918356 -0.492487927247333 0.361096926779931 0.047593097351084 -0.352490486075438 -0.986313996346846 0.706299654241696 0.096243023982042 0.268578947701327 0.742733633121474 0.412784627942463 -0.617879142368961 
0.614589333134841 -5.070038604963936 -0.149415960984029 -0.534591020985807 0.568452615157805 -3.081358838109585 -1.042668964046991 -1.262123959155494 0.098199044493212 3.048509710725619 1.165137132309011 2.069936806496663 

