0.727319163740489 0.138893511719971 0.106051826591431 0.120312580391186 0.342388032716900 0.273750380290388 0.073978104277151 0.238143993203922 0.096340176103795 0.184331193819716 0.246239444122267 0.260280387423599 0.138893511719971 0.646040690705230 0.234459478378147 0.180071293645063 0.155579189286194 0.323553155745751 0.204518517963614 0.208263574038409 0.281820747403280 0.240126278060761 0.247398527029900 0.252111953518181 0.106051826591431 0.234459478378147 0.650431871575030 0.197566740096163 0.152297432385069 0.306951642600317 0.267494475577854 0.213908115902302 0.339372377375898 0.282462615931388 0.075126777787301 0.190685496924943 0.120312580391186 0.180071293645063 0.197566740096163 0.685147024579868 0.287614426997455 0.171938223286904 0.203960575640919 0.171156922864012 0.214630443196749 0.248307640173430 0.305504962521436 0.245773344317478 0.342388032716900 0.155579189286194 0.152297432385069 0.287614426997455 0.715540458903398 0.274434357120953 0.112840146294598 0.091179983060322 0.169067819834192 0.142525563974850 0.131575041808304 0.279428838965677 0.273750380290388 0.323553155745751 0.306951642600317 0.171938223286904 0.274434357120953 0.513944964893929 0.110294435248969 0.283294265860902 0.304914348726787 0.210291380013816 0.225302021550230 0.277058926708303 0.073978104277152 0.204518517963614 0.267494475577854 0.203960575640919 0.112840146294599 0.110294435248969 0.753632366791845 0.309110853552943 0.268670152607662 0.254948879925672 0.118121257800108 0.001402166908113 0.238143993203922 0.208263574038410 0.213908115902302 0.171156922864012 0.091179983060322 0.283294265860902 0.309110853552943 0.588314737207576 0.312871151549881 0.372048136848345 0.129686475995535 0.203721408044117 0.096340176103795 0.281820747403280 0.339372377375898 0.214630443196749 0.169067819834192 0.304914348726788 0.268670152607662 0.312871151549880 0.619833401419585 0.091585510924820 0.183993948055899 0.178863016701256 0.184331193819716 0.240126278060761 0.282462615931388 0.248307640173430 0.142525563974850 0.210291380013817 0.254948879925671 0.372048136848345 0.091585510924820 0.664350548174754 0.145957513007489 0.167067852459568 0.246239444122266 0.247398527029899 0.075126777787301 0.305504962521436 0.131575041808304 0.225302021550230 0.118121257800108 0.129686475995534 0.183993948055899 0.145957513007489 0.718583535224453 0.329877126145126 0.260280387423599 0.252111953518181 0.190685496924943 0.245773344317478 0.279428838965677 0.277058926708304 0.001402166908113 0.203721408044117 0.178863016701256 0.167067852459568 0.329877126145127 0.637855093102408 


2.478067063062588 0.076192671028651 -0.241497184622460 0.450327259978884 -1.180583302594242 -0.339988161936838 0.200004750742393 -1.247461932252312 0.773754089093961 0.258694457311086 -0.799794701454480 0.049115753088863 
0.076192671028651 2.915237638453393 0.629046417033268 0.117968443353848 0.452365745455737 -1.625458397232862 -0.651055130376498 1.173929854259310 -0.986052036890552 -1.054433384662282 -0.028924270765489 -0.714845203756913 
-0.241497184622459 0.629046417033269 3.860015683170119 -0.208953730452221 0.924078152147512 -2.020884765408178 -1.065108067009371 2.258479670389248 -1.996888184051953 -1.858241105621254 1.135911111008725 -1.010313026311846 
0.450327259978884 0.117968443353850 -0.208953730452222 2.532165432631143 -0.922213555486861 0.490297042947689 -0.114973268354084 -0.068807911065037 -0.378718731582486 -0.600223679203085 -0.889251005544021 -0.207030972685241 
-1.180583302594240 0.452365745455736 0.924078152147510 -0.922213555486861 3.049462331530744 -1.561466368112424 -0.729543781680571 1.927997291825364 -0.849668748160075 -0.706073527775654 1.078734926104009 -1.024482376672526 
-0.339988161936838 -1.625458397232862 -2.020884765408178 0.490297042947688 -1.561466368112427 6.069810335571657 1.332562731080553 -2.385928319511210 -0.118928889618108 0.743531163174898 -1.015722022893937 0.366974102234496 
0.200004750742392 -0.651055130376498 -1.065108067009370 -0.114973268354084 -0.729543781680571 1.332562731080551 2.487778734438002 -1.683652619275689 0.044942450763570 0.264541973557923 -0.621082646256880 1.050787913295237 
-1.247461932252310 1.173929854259309 2.258479670389246 -0.068807911065038 1.927997291825366 -2.385928319511207 -1.683652619275688 6.574624177808734 -2.993038995367262 -3.215839481646087 1.443301556899441 -1.572851076423122 
0.773754089093959 -0.986052036890552 -1.996888184051951 -0.378718731582485 -0.849668748160075 -0.118928889618111 0.044942450763569 -2.993038995367261 4.638606850469387 2.376508770747563 -0.821124819036212 0.698075956674445 
0.258694457311084 -1.054433384662282 -1.858241105621252 -0.600223679203084 -0.706073527775654 0.743531163174896 0.264541973557922 -3.215839481646086 2.376508770747562 4.075261251784965 -0.593331015488585 0.683904876275041 
-0.799794701454480 -0.028924270765489 1.135911111008725 -0.889251005544020 1.078734926104010 -1.015722022893935 -0.621082646256880 1.443301556899443 -0.821124819036214 -0.593331015488587 2.780222458449595 -1.202304900304850 
0.049115753088862 -0.714845203756913 -1.010313026311844 -0.207030972685241 -1.024482376672526 0.366974102234492 1.050787913295236 -1.572851076423122 0.698075956674446 0.683904876275041 -1.202304900304850 3.248406782048508 

