0.671052090208928 0.857846982508287 0.000000000000000 0.000000000000000 0.065623174526351 0.000000000000000 0.757369099971686 0.798734952932692 0.586934305868536 0.000000000000000 0.000000000000000 0.000000000000000 0.365338127792467 0.000000000000000 0.273039324978944 0.000000000000000 0.000000000000000 0.944688558078400 0.000000000000000 0.000000000000000 0.601989975387930 0.297116497178409 0.553813385684382 0.806167500430166 0.000000000000000 0.000000000000000 0.000000000000000 0.465280330221275 0.743417058095819 0.975694595930014 0.320690416151668 0.000000000000000 0.000000000000000 0.000000000000000 0.000000000000000 0.734810357880145 0.000000000000000 0.000000000000000 0.000000000000000 0.000000000000000 0.318319688997487 0.137049109057145 0.000000000000000 0.312527491788527 0.000000000000000 0.973034024219205 0.810551375456484 0.000000000000000 0.000000000000000 0.220220521279900 0.768906400260612 0.000000000000000 0.000000000000000 0.000000000000000 0.000000000000000 0.922393407320652 0.000000000000000 0.806362381063258 0.009055780351820 0.000000000000000 0.000000000000000 0.000000000000000 0.000000000000000 0.000000000000000 0.000000000000000 0.000000000000000 0.331461472011333 0.092743326714441 0.356982923365033 0.000000000000000 0.953762381711912 0.000000000000000 0.726785035350694 0.019065865642506 0.725657701703488 0.000000000000000 0.000000000000000 0.000000000000000 0.204735442334599 0.959113840810569 0.000000000000000 


-0.447795541264624 1.062896692895344 -0.361758734391331 -1.008804205146133 0.747276895978387 0.581627661609296 0.684177040437232 -1.535662602885118 1.656510969432716 
0.347912611836696 -1.083356294410269 -0.255580739625976 1.114889630412560 -0.046014242394050 0.188258517165909 -0.276822051556232 1.017955666074966 -1.287018303674660 
0.017186567648134 -0.599503666998054 0.510851552793968 0.757007386492252 -0.742228561578517 -0.326346785556104 -0.338014832118320 0.292753645937208 -0.063577537542311 
-0.396103356619368 1.233749919332287 0.291677531104419 -1.269746368771193 0.012067858006478 -0.214129813419225 1.549635321921625 -1.145744711420087 1.465288272893612 
-0.166683999886520 0.489320741208966 0.060536007260217 -0.495941767518208 3.612296879982824 -0.108459885540559 0.637295425439136 -1.664148329070908 0.616607019938533 
0.247658868180481 -0.343185048903513 0.709883031153351 0.243387291968737 -1.931744669131299 0.397120362407025 -0.756521957538368 1.346882025174346 -0.916153900638821 
1.209742103031452 0.082372243940944 1.244515765162285 -1.072188557806732 -1.739703557302100 -0.627250006187948 0.281795339600466 -0.854544121552542 0.409204734040600 
0.061170208294617 -0.347896501346093 -0.372954837641753 0.398403407535631 0.367579395240342 -0.063674637736590 -0.317357749217207 1.104357875926811 -0.226284345655503 
0.081604723448112 0.680612803981009 -0.317974536903416 0.420702098942508 0.553656977601843 -0.031967880090881 -0.380634040265423 0.053808705931464 -0.301876877039822 

