0.489774054480775 0.445173324891770 0.489256725519196 0.287801690696116 0.308818149764883 0.379962471968950 0.445173324891770 0.700323715354713 0.319534743332344 0.224942474694826 0.296348172795951 0.266164602978644 0.489256725519196 0.319534743332344 0.593410783042155 0.299231079424658 0.222027251111739 0.409333247827710 0.287801690696116 0.224942474694826 0.299231079424658 0.754361827459174 0.160981770163103 0.426678958896015 0.308818149764883 0.296348172795951 0.222027251111739 0.160981770163103 0.856392973379389 0.090492847461126 0.379962471968950 0.266164602978644 0.409333247827710 0.426678958896016 0.090492847461127 0.653442672950790 


67.805561266861304 -20.492870572363127 -37.915865432123212 0.574546421036842 -6.924787028774952 -6.744846833235811 
-20.492870572363131 8.288037023853576 10.761024153504691 -0.245128168432887 1.594272465248187 1.738508263235910 
-37.915865432123198 10.761024153504687 24.721149789688390 -0.382427499516308 3.404825836354652 1.956216110061300 
0.574546421036838 -0.245128168432886 -0.382427499516306 2.167236346144501 -0.285811084375091 -1.370237470538636 
-6.924787028774942 1.594272465248185 3.404825836354647 -0.285811084375091 2.164566616523484 1.131214246556869 
-6.744846833235790 1.738508263235904 1.956216110061290 -1.370237470538636 1.131214246556867 4.256838181249839 

