0.630627826560007 0.000000000000000 0.603345172168210 0.040345461821695 0.807204534040993 0.000000000000000 0.000000000000000 0.058863921637015 0.000000000000000 0.867183212465329 0.193598597283512 0.883566660040846 0.232629016731871 0.000000000000000 0.645752886395589 0.929303950506087 0.000000000000000 0.070741557719229 0.702200459092077 0.098041227092823 0.000000000000000 0.000000000000000 0.000000000000000 0.934953322022518 0.000000000000000 0.130172124926532 0.000000000000000 0.034708385715495 0.000000000000000 0.028763006719095 0.000000000000000 0.872876388722753 0.968360235076107 0.000000000000000 0.715275393614881 0.000000000000000 0.000000000000000 0.000000000000000 0.000000000000000 0.000000000000000 0.000000000000000 0.402922171570489 0.832963752477045 0.000000000000000 0.356448773477808 0.800363581241839 0.000000000000000 0.000000000000000 0.006795108474995 0.588477123656197 0.000000000000000 0.000000000000000 0.414638599834545 0.000000000000000 0.000000000000000 0.315306782681205 0.000000000000000 0.000000000000000 0.000000000000000 0.000000000000000 0.364624549626382 0.000000000000000 0.000000000000000 0.000000000000000 


2.263139640330735 0.000000000000000 -1.435250265349886 1.423468197255248 -0.440403893261991 -0.051155782548905 -0.107314692419837 -4.838087152656001 
0.898166364989451 -0.000000000000000 -0.185097358855907 -0.521192911206547 -0.597714643608539 0.018730331512234 1.824016525447030 -4.080877235359186 
-3.063903013698094 0.000000000000000 1.943082757709931 -1.927131857774529 1.994294268111861 0.069256157917312 0.145285692345158 6.549940420552420 
37.747419836247502 0.000000000000000 -7.172965918270584 5.194977839921399 -24.581237203147257 -0.186694130039456 -0.159039856922510 -83.201741391228950 
0.000000000000000 -0.000000000000000 -0.000000000000000 -0.000000000000000 -0.000000000000000 0.000000000000000 0.000000000000000 2.742547096800432 
2.736542567197054 0.000000000000000 -1.929045388419300 2.268008197654267 -1.774621419835084 1.167925786330173 -1.069456975494226 -5.983736260275266 
-49.453821220460775 1.548579992544390 8.938943054897273 -7.186198283349022 32.219584059971012 0.258253466740712 -1.943781040462684 110.450644731998793 
-1.725077506289452 -0.000000000000000 0.376389754665356 0.942058657666422 1.125043944342059 -0.033855162997544 -0.230451063572434 4.114127597394382 

