4096.0000000000 5120.0000000000 8192.0000000000 10240.0000000000 15360.0000000000 20480.0000000000 25600.0000000000 30720.0000000000 35840.0000000000 40960.0000000000 46080.0000000000 51240.0000000000 56320.0000000000 61440.0000000000 66560.0000000000 71680.0000000000 76800.0000000000 81920.0000000000 
0.0616319999 0.0637760013 0.0722879991 0.1230399981 0.0715840012 0.1067840010 0.0718400031 0.0725120008 0.0731199980 0.0733439997 0.0724800006 0.0727360025 0.0765440017 0.0772479996 0.0757760033 0.0761279985 0.0896639973 0.0903360024 
0.1051200032 0.1186240017 0.1164159998 0.1239359975 0.0832000002 0.0839039981 0.0839359984 0.0834880024 0.0993919969 0.0987519994 0.0984639972 0.1247360036 0.1236160025 0.1253760010 0.1517439932 0.1519359946 0.1516160071 0.1838079989 
0.0921920016 0.1491200030 0.0935679972 0.0972480029 0.0933120027 0.1024319977 0.1331200004 0.1341439933 0.1345600039 0.1761280000 0.1730879992 0.2191359997 0.2177280039 0.2742719948 0.2654719949 0.2741119862 0.3229120076 0.3238720000 
0.1026239991 0.1039360017 0.1112959981 0.1165760010 0.1151359975 0.1617919952 0.1618240029 0.2199040055 0.2159679979 0.2761600018 0.2757120132 0.3471040130 0.3351680040 0.4136959910 0.4045439959 0.4767999947 0.4689919949 0.5423359871 
0.1172159985 0.1204800010 0.1332799941 0.1340480000 0.1351680011 0.1972160041 0.2706240118 0.2754560113 0.3481599987 0.4401600063 0.4304000139 0.5278080106 0.5184640288 0.6090239882 0.6763520241 0.6890559793 0.7565439939 0.8579840064 
0.1390399933 0.2824000120 0.1539520025 0.1542720050 0.2376639992 0.2379519939 0.3355840147 0.4358719885 0.5509759784 0.5544319749 0.6507840157 0.7622399926 0.8480319977 0.8639360070 0.9543679953 1.0751999617 1.0587840080 1.1714880466 
0.1621119976 0.1679359972 0.1788160056 0.1805440038 0.2908160090 0.4180159867 0.5532479882 0.6900159717 0.6877440214 0.8282880187 0.9399999976 1.0936000347 1.2089600563 1.3587199450 1.3412480354 1.4899519682 1.6025279760 1.7479039431 
0.1856960058 0.1924799979 0.1938560009 0.3175039887 0.4568639994 0.6577600241 0.7887039781 0.9277439713 1.0570880175 1.2132480145 1.3613439798 1.5294719934 1.6686400175 1.8227200508 1.9407360554 2.0944640636 2.2487039566 2.4512960911 
0.2129279971 0.2149759978 0.3583999872 0.3574720025 0.5188800097 0.8847360015 1.0298559666 1.2042239904 1.5193279982 1.6976319551 3.5587520599 2.2222080231 2.3578240871 2.5069439411 2.8263039589 2.9931199551 3.1405758858 0.0000000000 
0.2356799990 0.2372159958 0.4155839980 0.5917119980 0.8241599798 1.2041599751 1.4133440256 1.7733119726 2.2806398869 2.4626560211 2.8553600311 3.0085439682 3.4883201122 3.8197760582 3.9730238914 4.3943681717 4.6309437752 5.0221118927 
0.2580479980 0.2580159903 0.6489279866 0.7008000016 1.1089600325 1.5503360033 1.9168319702 2.3518719673 2.7575359344 3.1899840832 3.5822079182 3.9941120148 4.1971521378 4.6176638603 5.0116162300 5.4213118553 5.7959680557 6.2279682159 
0.2829439938 0.4981440008 0.7332800031 1.0308799744 1.5872319937 2.1079359055 2.8273921013 3.3057599068 3.7957758904 4.2783041000 4.9759678841 5.3895678520 5.8446078300 6.3975358009 6.9446082115 7.5925440788 8.1223678589 8.6613759995 
0.5480639935 0.5508800149 1.1392960548 1.4001280069 1.9655040503 2.6801600456 3.5221118927 4.0632319450 4.8190398216 10.1943998337 6.1355199814 6.9185919762 7.3522238731 8.2759675980 8.7989759445 9.6168317795 10.3669757843 10.9403839111 
0.6147519946 1.2295039892 1.2364799976 1.6044800282 2.4080319405 3.4251840115 4.1940798759 5.1700482368 6.0148482323 6.9431037903 7.8240318298 8.7078075409 9.6175680161 10.5222721100 11.3842563629 12.3319044113 13.2367038727 14.0998077393 
0.7054399848 1.0649600029 1.7367039919 2.0874879360 3.4436480999 4.4666881561 5.4661121368 6.8392000198 7.7987837791 8.8866243362 10.2174720764 11.2773761749 12.2365436554 13.5138244629 14.5776643753 15.6890878677 16.8611526489 17.9052162170 
1.0957759619 1.1201599836 2.2630400658 2.6641600132 4.1021437645 5.5083518028 6.9510397911 8.0116796494 9.4636163712 10.9135360718 12.4156160355 13.8543043137 14.9201602936 16.3918075562 17.7853755951 19.2188167572 20.7175674438 21.7963199615 
1.2186559439 1.6528960466 2.4619839191 3.2440319061 4.8162879944 6.7974081039 8.3497276306 9.9307518005 11.4789762497 13.4653120041 15.0213117599 16.6094722748 18.1655998230 20.1272640228 21.7047672272 23.2776641846 25.2353916168 26.8042240143 
0.0000000000 1.7783999443 3.1047680378 3.9854080677 6.0939521790 8.2575359344 10.4176635742 12.5818881989 14.2786560059 16.4543685913 18.5847358704 20.8815994263 21.9852790833 24.1977272034 26.2042236328 27.7489929199 30.8838405609 33.2045135498 
2.4879679680 2.3060479164 3.6764481068 5.4144959450 8.0699520111 9.7177600861 12.1733121872 14.4444160461 17.3312969208 19.7377281189 22.4083194733 24.7849922180 25.6537609100 28.3155841827 30.1349124908 32.2884483337 34.9620170593 35.8828468323 
1.8931839466 2.3791360855 4.2377281189 5.1590399742 8.3674240112 10.7186241150 13.4878721237 16.3467197418 19.1304645538 21.8598728180 24.5668487549 27.3990726471 30.1489276886 36.2701759338 38.9786224365 39.2159690857 42.1089286804 40.2516784668 
2.3305599689 2.8015680313 4.6006398201 5.9699521065 9.1535682678 11.8928642273 15.0755195618 18.2432327271 20.9612483978 24.1503353119 27.6032638550 30.0605430603 33.2382087708 44.0971527100 46.9647369385 42.6231040955 45.7606391907 48.2508811951 
2.5273280144 3.7226240635 5.5093441010 7.0103039742 10.4899520874 13.9797763824 17.4631996155 20.8742713928 24.3358726501 27.8349437714 31.9112319946 35.4307518005 38.9120635986 44.7071990967 45.8854713440 49.3945274353 52.9469451904 56.4703025818 
3.2251200676 3.7632639408 6.3941121101 8.0026559830 11.7087364197 15.9704961777 20.1952648163 23.9317111969 28.1534404755 31.8864326477 36.1210556030 40.3660812378 44.0567054749 48.3267211914 52.5496330261 56.2723503113 60.5074882507 64.2407379150 
3.7022719383 4.6760959625 7.9280638695 9.3084802628 13.9156160355 18.5651206970 23.7481288910 28.3978881836 33.0073928833 37.6462707520 0.0000000000 47.5185928345 52.1353607178 56.7750091553 61.4012794495 66.0479965210 71.2613449097 75.8927688599 
4.3538241386 4.9693760872 9.0236482620 10.5082883835 16.0366077423 21.5960636139 27.1155204773 32.6942710876 38.1789741516 43.7223052979 49.3314552307 54.2848014832 59.6019821167 65.2967071533 70.7991714478 76.4892807007 81.7357788086 87.3351974487 
4.7104001045 6.0108799934 9.9810876846 12.6449918747 19.2266235352 25.2024955750 31.8674564362 38.4132461548 44.3409271240 50.9932174683 57.7232322693 64.3902053833 70.3329925537 77.5713882446 84.2332458496 90.2616348267 96.9199676514 103.6007385254 
5.6710081100 7.7373437881 12.0097599030 14.8374719620 22.5779838562 29.6372795105 37.3652801514 45.1399688721 52.1654701233 59.9328308105 67.6745910645 74.7158432007 82.4320602417 90.2289581299 97.2472610474 105.0195541382 112.7032012939 119.8123550415 
6.8402562141 8.3587198257 14.0083198547 17.4367675781 26.5068168640 35.5960311890 44.6629447937 53.7574386597 62.0546569824 71.1463394165 81.3415069580 89.2974090576 98.3655395508 107.4608001709 116.5340194702 124.8446731567 134.2873535156 143.0020751953 
7.2758722305 9.6889600754 14.8603839874 18.5386238098 28.1835517883 37.8469429016 47.4791374207 57.1291198730 65.9803543091 75.6490554810 85.2900466919 94.9512939453 104.5865936279 114.2415390015 123.8863372803 132.7469177246 142.3772735596 152.0478668213 
8.5673284531 11.4816637039 18.2937602997 22.2334403992 34.1602249146 45.2715835571 56.3504333496 68.3024978638 79.3854751587 90.4951705933 102.4218597412 113.5299530029 124.6068191528 136.5687103271 147.6799011230 158.7862091064 170.7171173096 182.1746215820 
9.1623678207 12.2862396240 19.5850238800 23.7885437012 36.5854721069 48.4683189392 60.3508796692 73.1401290894 85.0080947876 96.9543685913 109.7768936157 121.6154251099 133.5384368896 146.3887329102 158.1421051025 170.0986938477 182.9367980957 194.8216247559 
11.6063680649 14.8590717316 23.1751670837 28.9758071899 43.4372482300 57.9074249268 73.3285751343 87.8065948486 102.2586593628 116.7288284302 132.1504974365 146.6417846680 161.0807037354 175.5710144043 190.9736022949 205.4643249512 219.9101409912 234.3956146240 
12.2874240875 15.6387195587 24.5362567902 30.6733760834 0.0000000000 61.2988166809 77.6121292114 92.9380187988 108.2023010254 123.5423660278 139.8272247314 155.0626220703 170.4734649658 185.8068542480 201.9653778076 217.4463958740 234.5121612549 249.9256286621 
15.2161283493 18.4747848511 30.3889923096 37.9944953918 57.4927673340 77.0204467773 95.4382095337 114.9628143311 134.4804840088 154.0022430420 173.5078430176 191.9516448975 211.4570617676 230.9777526855 250.4771270752 268.9208679199 288.3663940430 307.8819885254 
15.9886083603 19.4346561432 31.9531517029 39.9608650208 60.4747848511 81.0181732178 100.3373794556 120.8767013550 141.3893127441 161.9721221924 182.4592285156 201.7628173828 222.3105010986 242.8619842529 263.3955688477 282.7731628418 303.2508544922 323.9669799805 
20.4248638153 25.2366409302 40.8189773560 50.4276466370 76.8010559082 102.0065917969 127.1808624268 153.5754241943 178.7489013672 203.9688568115 230.3310089111 255.5471343994 280.7212524414 307.0625915527 332.7815551758 357.4534301758 383.8338623047 408.9963073730 
21.4512329102 26.8588161469 42.8711051941 52.9694709778 80.6646041870 107.1354522705 133.5809631348 161.3171234131 187.7552032471 214.2119293213 241.9131164551 268.3827209473 294.8444213867 322.5854797363 349.0101318359 375.4745483398 403.1546020508 429.6382446289 
23.0358390808 28.0289287567 45.3340148926 56.0114250183 85.3118362427 113.3092498779 141.2771911621 170.6054687500 198.5708770752 226.5722808838 255.8724212646 283.8450317383 311.7875061035 341.1257324219 369.0663146973 397.1336364746 426.4132690430 454.4330444336 
23.7228794098 29.3093757629 47.4317131042 58.6053123474 89.2357788086 119.9064636230 147.7958374023 179.7819519043 208.9206695557 239.6078033447 267.5544433594 296.8540039062 323.9178771973 354.1672363281 383.2719116211 412.2153625488 442.6492919922 471.7411804199 
30.4861431122 37.7487373352 60.9303359985 76.8984603882 116.0327377319 153.7239685059 192.8662719727 232.0239410400 269.7167663574 308.8796081543 347.9938354492 385.7349243164 424.8535766602 463.9942932129 501.6779174805 540.8580932617 579.9550781250 617.6723632812 
31.8790721893 39.4788169861 63.7263984680 80.4267807007 121.3395538330 160.7702026367 201.6954956055 242.6549072266 282.0401000977 323.0155334473 363.8230285645 403.3293151855 444.2564086914 485.1861877441 524.7072143555 565.6309814453 606.5207519531 645.7651367188 
33.4354896545 41.4042892456 66.8380126953 84.3511657715 127.2822113037 168.6461181641 211.5810241699 254.5356445312 295.8629150391 338.8379821777 381.7615051270 423.1369934082 466.0612792969 509.0328674316 550.3648071289 593.3076782227 636.2271728516 677.6093750000 
34.8694381714 43.1755218506 69.6959381104 87.9527359009 132.7066955566 175.8082580566 220.5679016113 265.3572387695 308.4826354980 353.2230834961 397.9712219238 441.1207580566 485.8077087402 530.7618408203 573.7881469727 618.6602172852 665.5657958984 711.7843627930 
36.7775993347 45.5410232544 73.5208969116 92.7885131836 140.0123138428 185.5311431885 232.7568664551 280.0127868652 325.4960327148 372.7507019043 419.9709472656 465.5022888184 512.7229614258 559.9962768555 605.4039306641 652.7098999023 699.9394531250 745.3730468750 
50.8683204651 63.5918388367 101.7001953125 128.9358673096 192.4506225586 257.8472900391 321.3019409180 386.6654052734 450.1767272949 515.4714355469 580.8836669922 644.3417358398 709.7017822266 773.2322387695 838.5587158203 902.2234497070 967.4204711914 1031.1340332031 
53.1476783752 66.4326400757 106.2464675903 134.7133483887 201.0701751709 269.3611450195 335.5968933105 404.0050354004 470.3764038086 538.6079101562 606.9032592773 673.3025512695 741.4418945312 807.9455566406 875.8456420898 942.5797119141 1010.8672485352 1077.2207031250 
55.1178245544 68.8993606567 110.2141418457 139.7325439453 208.6128692627 279.4803771973 348.2811889648 419.1775207520 488.0216369629 558.9310913086 629.7756958008 698.5629882812 769.3253784180 838.1350708008 909.0509643555 978.0025634766 1041.0958251953 1109.5222167969 
57.0671348572 71.3359680176 114.0923233032 144.6594543457 215.9335632324 289.2760925293 360.5603332520 433.8871154785 505.6787109375 578.4191284180 651.7850341797 723.0628051758 796.3574218750 867.6793212891 940.9937744141 1011.6358642578 1085.5893554688 1156.8836669922 
59.3612785339 74.2031326294 118.6800994873 150.4718780518 224.6085815430 300.8716735840 374.9969787598 451.2704772949 525.3408203125 601.5133666992 677.7223510742 752.1420898438 828.2439575195 902.7526245117 978.5511474609 1052.9158935547 1129.0318603516 1203.0096435547 
61.8066558838 77.2619552612 123.5726089478 156.6752624512 233.8672637939 313.2846069336 390.4993591309 469.9056701660 547.0894775391 626.5364379883 705.8592529297 783.1101684570 862.5220947266 939.7155761719 1019.0950317383 1096.3063964844 1176.2325439453 1252.9506835938 
64.0367355347 80.0471038818 128.0255737305 162.2917785645 242.2230377197 324.5624694824 404.5375061035 486.7486267090 566.5841674805 648.8616943359 731.1304931641 811.0690917969 894.0106201172 973.3056030273 1063.5039062500 1144.1152343750 1226.9562988281 1307.6253662109 
100.2373733521 126.4870071411 202.7986602783 252.9157104492 381.7095642090 508.1707153320 634.5852050781 763.4080200195 889.8474731445 1016.2851562500 1145.1503906250 1271.4919433594 1397.9279785156 1526.7634277344 1653.1396484375 1779.5568847656 1908.3488769531 2034.7761230469 
103.7492141724 130.9260101318 340.8576965332 261.7981262207 395.1197814941 526.0101318359 656.8671264648 790.2289428711 921.0894775391 1051.9727783203 1185.2940673828 1316.1757812500 1447.0513916016 1580.4298095703 1711.2679443359 1842.1359863281 1975.4558105469 2106.3466796875 
107.7305908203 135.9476165771 217.9726409912 0.0000000000 410.2686157227 546.1701049805 682.0382690430 820.5100708008 956.3916015625 1092.2905273438 1221.3698730469 1356.2454833984 1491.0715332031 1628.4746093750 1763.3317871094 1898.2076416016 2035.5736083984 2170.4558105469 
110.4547805786 139.3930206299 223.5204162598 278.7246093750 420.7171020508 560.0380249023 699.3523559570 841.3697509766 980.5534667969 1119.9320068359 1261.8983154297 1401.1827392578 1540.4421386719 1682.5219726562 1821.7941894531 1961.3013916016 2103.0847167969 2242.4755859375 
114.5888290405 144.6130828857 231.8745574951 289.1628112793 436.4325866699 581.0073852539 725.5510864258 872.8308105469 1017.3939819336 1161.9327392578 1309.1898193359 1453.7770996094 1598.3132324219 1745.5460205078 1890.1855468750 2037.9794921875 2198.7309570312 2344.3710937500 
119.2407073975 150.4816284180 241.2812805176 300.8865051270 454.1043701172 604.5145263672 754.8825683594 908.1613159180 1058.5034179688 1208.9144287109 1362.0515136719 1512.5093994141 1662.8961181641 1816.2429199219 1966.5374755859 2117.0043945312 2270.3166503906 2420.7424316406 
123.5118103027 155.8673553467 249.9413146973 311.6955871582 470.4337768555 626.2845458984 782.6134033203 940.8726806641 1096.6708984375 1252.4837646484 1411.2291259766 1567.0701904297 1709.1755371094 1867.3925781250 2022.0052490234 2176.6752929688 2334.2128906250 2488.8615722656 
126.3820800781 159.4860839844 255.7276763916 318.9078063965 481.3075561523 640.7454223633 800.1757812500 962.6991577148 1122.1215820312 1281.5162353516 1444.1368408203 1603.3656005859 1762.7690429688 1925.0556640625 2085.2558593750 2244.2194824219 2406.6359863281 2566.0788574219 
130.8201293945 165.0902709961 0.0000000000 330.1344604492 498.2722778320 663.3272094727 828.3512573242 996.5339965820 1161.5621337891 1326.8236083984 1495.2591552734 1672.5148925781 1838.7907714844 2008.2532958984 2174.5378417969 2340.8691406250 2510.2814941406 2676.6274414062 
135.8254699707 171.4061431885 274.8493652344 342.7591247559 517.3331298828 688.6744384766 860.0104980469 1034.6072998047 1205.8562011719 1377.0891113281 1551.8441162109 1723.0870361328 1894.3536376953 2069.1259765625 2240.3283691406 2392.9323730469 2566.5778808594 2736.5351562500 
139.3133087158 175.8023681641 281.9055175781 351.5570678711 530.6165771484 706.3859863281 882.1317749023 1061.2065429688 1236.9633789062 1412.7308349609 1591.8018798828 1767.5305175781 1943.7655029297 2122.3640136719 2298.0935058594 2473.8466796875 2652.9150390625 2828.6853027344 
143.2530822754 180.7915802002 289.9821472168 361.5681457520 545.7019042969 726.4092407227 907.1041870117 1091.4300537109 1272.0496826172 1452.6835937500 1637.0068359375 1817.8315429688 1998.5449218750 2182.7531738281 2363.2937011719 2544.0708007812 2728.8286132812 2909.1179199219 
298.7753601074 372.5926513672 597.5038452148 748.6322631836 1124.6530761719 1497.9860839844 1878.2484130859 2266.5603027344 2641.9387207031 3020.9133300781 3399.8554687500 3778.7612304688 4154.1826171875 4533.0756835938 4908.4487304688 5287.9169921875 5666.2734375000 5995.7680664062 
307.3451538086 383.2778320312 614.6323852539 770.1016845703 1156.9151611328 1540.1472167969 1926.9747314453 2313.8491210938 2697.0336914062 3083.8288574219 3471.0568847656 3857.4960937500 4240.7670898438 4628.0375976562 5010.7363281250 5397.6762695312 5784.5000000000 6167.7114257812 
317.0204162598 395.3446044922 634.0009765625 794.3620605469 1193.3630371094 1588.6563720703 1987.6761474609 2386.7172851562 2782.0322265625 3180.9982910156 3580.5581054688 3989.8566894531 4407.9780273438 4810.2358398438 5208.4155273438 5610.5522460938 6012.5473632812 6410.8334960938 
328.0486450195 409.1078796387 656.0767822266 821.9995727539 1234.8823242188 1644.3780517578 2056.8332519531 2469.7204589844 2878.6096191406 3266.4294433594 3676.1604003906 4085.9199218750 4492.7104492188 4901.6459960938 5307.5620117188 5717.3481445312 6127.3398437500 6532.7192382812 
335.7675476074 418.7283935547 671.5037231445 841.3696289062 1263.9681396484 1682.6859130859 2105.2790527344 2527.9145507812 2946.6110839844 3369.2468261719 3791.8044433594 4214.5546875000 4633.8720703125 5081.9565429688 5516.5727539062 5942.4555664062 6368.3110351562 6770.0908203125 
347.4853210449 433.3363342285 694.9270629883 870.7049560547 1308.0837402344 1741.3779296875 2178.7299804688 2616.0781250000 3049.3608398438 3486.7519531250 3895.2700195312 4328.8212890625 4758.2709960938 5192.2802734375 5622.2758789062 6056.4560546875 6490.3457031250 6920.7006835938 
