1.0000000000 8.0000000000 32.0000000000 128.0000000000 512.0000000000 1024.0000000000 2048.0000000000 4096.0000000000 5120.0000000000 8192.0000000000 10240.0000000000 15360.0000000000 20480.0000000000 25600.0000000000 30720.0000000000 35840.0000000000 40960.0000000000 46080.0000000000 51240.0000000000 56320.0000000000 61440.0000000000 66560.0000000000 71680.0000000000 76800.0000000000 81920.0000000000 
0.0266239997 0.0255999994 0.0174080003 0.0174080003 0.0225280002 0.0225280002 0.0223680008 0.0224959999 0.0226559993 0.0227520000 0.0225280002 0.0225280002 0.0429119989 0.0419839993 0.0430079997 0.0430079997 0.0621760003 0.0620159991 0.0622080006 0.0631359965 0.0865600035 0.0826560035 0.0829439983 0.0825280026 0.1013759971 
0.0255999994 0.0245760009 0.0245760009 0.0296960007 0.0337920003 0.0337920003 0.0346559994 0.0344000012 0.0337920003 0.0348160006 0.0348160006 0.0658560023 0.0665600002 0.0666560009 0.0972800031 0.0972800031 0.1290239990 0.1290239990 0.1298239976 0.1616639942 0.1615040004 0.1920319945 0.1925120056 0.1933120042 0.2242559940 
0.0348160006 0.0358400010 0.0368640013 0.0399359986 0.0471040010 0.0481280014 0.0480640009 0.0481280014 0.0481280014 0.0497919992 0.0949120000 0.0952320024 0.1410879940 0.1413120031 0.1853439957 0.1873279959 0.2322240025 0.2324479967 0.2795520127 0.2815999985 0.3265280128 0.3282240033 0.3724479973 0.3735359907 0.4184960127 
0.0491520017 0.0481280014 0.0481280014 0.0552960001 0.0634879991 0.0634559989 0.0642239973 0.0655359998 0.0664959997 0.1269759983 0.1290239990 0.1290239990 0.1914879978 0.2549439967 0.2556799948 0.3205760121 0.3819519877 0.3840000033 0.4495359957 0.5075520277 0.5109760165 0.5713919997 0.6328319907 0.6355519891 0.6983680129 
0.0634879991 0.0624639988 0.0645119995 0.0747520030 0.0825280026 0.0825280026 0.0819199979 0.0856000036 0.0865920037 0.1679359972 0.1687359959 0.2508800030 0.3328639865 0.3368960023 0.4328640103 0.4997119904 0.5823360085 0.6593599916 0.6676480174 0.7485439777 0.8284159899 0.9093120098 0.9840000272 0.9952960014 1.0755519867 
0.0808959976 0.0798719972 0.0808959976 0.0976959988 0.1040640026 0.1034239978 0.1032959968 0.1085439995 0.1091839969 0.2137919962 0.2140160054 0.3194879889 0.4268159866 0.5323200226 0.6399999857 0.7429440022 0.8437759876 0.9489600062 1.0629119873 1.1489280462 1.2462079525 1.2654399872 1.3709759712 1.4723520279 1.5778239965 
0.0993279964 0.0993279964 0.1024319977 0.1269759983 0.1269759983 0.1269759983 0.1272320002 0.1348800063 0.2590720057 0.2671039999 0.3973119855 0.5283839703 0.6625279784 0.7940480113 0.9226239920 1.0556479692 1.1857919693 1.3137919903 1.4458559752 1.5768640041 1.7078720331 1.8376319408 1.9701759815 2.1009600163 2.2329599857 
0.1198080033 0.1199999973 0.1228799969 0.1515520066 0.1513919979 0.1515520066 0.1515520066 0.1617919952 0.3153919876 0.3183360100 0.4751360118 0.6379520297 0.7956479788 0.9523199797 1.2519999743 1.4213119745 1.5728640556 1.7352639437 1.8932479620 2.1584639549 2.3395519257 2.5095040798 2.6681280136 2.8252160549 3.0880320072 
0.1433600038 0.1434880048 0.1484799981 0.1781760007 0.1789440066 0.1788160056 0.1863680035 0.3647359908 0.3736000061 0.5519359708 0.5638080239 0.7536640167 1.1201599836 1.3055679798 1.4959679842 1.8562239408 2.0459520817 2.2323200703 2.5774080753 2.7750399113 2.9665279388 3.2870399952 3.5069439411 3.6874239445 3.9973440170 
0.1679359972 0.1679359972 0.1812479943 0.2078399956 0.2078720033 0.2085440010 0.2170879990 0.4331519902 0.4340800047 0.6542720199 0.6592640281 1.0912640095 1.3117439747 1.7373440266 1.9578880072 2.3876159191 2.6076478958 2.9879679680 3.2501759529 3.4600958824 3.8858559132 4.0960001945 4.5158400536 4.7397441864 5.1251201630 
0.1955839992 0.1955839992 0.2037760019 0.2391999960 0.2394559979 0.2391999960 0.2508800030 0.4976640046 0.4997119904 0.7504000068 0.9983999729 1.2501759529 1.7377279997 1.9967999458 2.4842240810 2.9447360039 3.2225279808 3.6935679913 3.9639039040 4.4360318184 4.6967358589 5.1784958839 5.6216640472 5.9275522232 6.3476800919 
0.2252800018 0.2255679965 0.2355200052 0.2722879946 0.2719680071 0.2723839879 0.2843199968 0.5672960281 0.5701119900 0.8609279990 1.1448320150 1.7151999474 2.0049920082 2.5759680271 3.1416320801 3.7038080692 4.0028162003 4.5698561668 5.1382718086 5.4273920059 5.9893760681 6.5669121742 7.1325759888 7.4267201424 7.9811520576 
0.2570239902 0.2570239902 0.2703360021 0.3079679906 0.3092480004 0.3082239926 0.3226239979 0.6449279785 0.6492159963 0.9776960015 1.2963839769 1.9456000328 2.5893440247 3.2387840748 3.8702719212 4.2096638680 4.8352317810 5.4932799339 6.1163520813 6.7297282219 7.3963518143 7.7527041435 8.4070396423 9.0521602631 9.6232643127 
0.2898240089 0.2908160090 0.3061760068 0.3461120129 0.3460159898 0.3461120129 0.3683519959 0.7790079713 0.7973120213 1.5779839754 1.5841280222 2.3695359230 3.1536319256 3.9556798935 4.7419838905 5.6453118324 6.4430079460 7.2444481850 8.0465917587 8.5524482727 9.3306236267 10.0894718170 10.8625917435 11.7391357422 11.2547836304 
0.3174400032 0.3184640110 0.3358719945 0.3778559864 0.3786239922 0.3787199855 0.4032959938 0.7882239819 1.1829119921 1.5810559988 1.9793920517 2.7675199509 3.5490241051 4.3212800026 5.1138558388 5.8937277794 6.6721282005 7.4666237831 8.3943681717 9.3654079437 10.1478395462 10.9238719940 11.7126398087 12.4905281067 13.2823362350 
0.3543039858 0.3563520014 0.3758080006 0.4167680144 0.4167680144 0.4183360040 0.4155200124 0.8375999928 1.2554240227 1.6844480038 2.1063680649 2.9562880993 3.8154239655 5.0647039413 5.9187197685 6.7717118263 7.6257600784 8.8903036118 9.7331199646 10.5835838318 10.6516475677 11.8754243851 12.5923204422 13.3770236969 14.1608963013 
0.3450880051 0.3471359909 0.3673599958 0.4042879939 0.4044800103 0.4065279961 0.4269439876 0.8640959859 1.2915519476 1.7361600399 2.1696960926 3.4656000137 4.3445439339 5.6222400665 6.5215997696 7.3891839981 8.6943359375 9.5733757019 10.8519039154 11.7422075272 12.6084156036 13.9230403900 14.8019199371 16.0951671600 16.9522552490 
0.3819519877 0.3840000033 0.4072000086 0.4440320134 0.4446400106 0.4454720020 0.4833280146 1.4151040316 1.4356479645 2.4014399052 2.8917760849 3.8633279800 5.3258237839 6.3006720543 7.7575998306 8.7353277206 10.1886720657 11.1616001129 12.6248960495 13.6120319366 15.0503683090 16.4864006042 17.4755516052 18.9424953461 19.9280643463 
0.4188160002 0.4208639860 0.4482559860 0.4945920110 0.4861760139 0.5037119985 1.0089600086 1.5604480505 1.5673279762 2.6200640202 3.1506879330 4.2227201462 5.7907199860 7.3553919792 8.4547195435 10.0238075256 11.6121597290 12.6450881958 14.2520322800 15.7911043167 16.8161277771 18.4053115845 19.4795513153 21.4251518250 22.9732475281 
0.4588479996 0.4628480077 0.4956159890 0.5283839703 0.5293120146 0.5482879877 1.1141120195 1.7132159472 1.7264640331 2.8866560459 3.4702079296 5.2246398926 6.9682879448 8.7058238983 9.9082241058 11.6551675797 13.4031362534 15.1593599319 16.8867835999 18.0999355316 19.8451194763 21.5827522278 23.3564167023 25.0849285126 26.2918720245 
0.4997119904 0.5134080052 0.5404160023 0.5744640231 0.5746240020 0.5949440002 1.1918400526 1.8688640594 1.8954240084 3.1508479118 3.8092799187 5.7373118401 7.6581439972 9.5703039169 11.4892797470 13.4123201370 15.2993278503 17.2513275146 19.1643524170 21.0739517212 22.9999675751 24.8790397644 26.2100162506 28.1303043365 30.0718078613 
0.5427200198 0.5475519896 0.5883839726 0.6219840050 0.6225919724 0.6446400285 1.2994560003 2.0825920105 2.7954239845 3.5297279358 4.9121279716 7.0248961449 9.1525115967 11.2783355713 13.4005441666 15.5204801559 17.6691207886 19.7740154266 21.9001922607 24.0117759705 26.1322231293 28.2511367798 30.4076805115 32.5383033752 34.6772804260 
0.5871999860 0.5926079750 0.6399999857 0.6713280082 0.6720640063 0.6952959895 1.4317120314 2.2156479359 2.9609920979 4.4646401405 5.2426881790 7.3599038124 9.7360000610 11.7826242447 14.6319360733 16.8407039642 18.9894084930 21.1763191223 23.3492488861 25.9870719910 28.4588489532 30.6634559631 32.7248649597 35.0193901062 37.0933761597 
0.6348800063 0.6407679915 0.6949440241 0.7215359807 0.7225599885 0.7493119836 1.5923199654 2.4356479645 3.2645120621 4.9213118553 5.7616000175 9.0642557144 11.5655679703 14.0759038925 17.3479042053 19.8737926483 22.4112644196 25.6593914032 28.1657600403 31.4580802917 33.9671058655 36.4829444885 39.7834243774 42.2606735229 44.7957115173 
0.6819840074 0.6899200082 0.7475200295 0.7710719705 0.7716799974 0.7966719866 1.6892160177 2.6112000942 3.4519040585 5.2111358643 6.9514560699 9.6203203201 13.0764484406 16.5659523010 19.2190399170 22.6959362030 26.1877765656 28.8170566559 32.3215370178 35.7722549438 38.4263038635 41.9201927185 44.6295356750 48.0819206238 51.5256004333 
0.7342079878 0.7410879731 0.8038399816 0.8202239871 0.8202239871 0.8502079844 1.7909760475 3.6408960819 3.7078399658 6.4135041237 7.3847360611 11.0618238449 14.7378559113 18.4120635986 22.1265926361 25.7966079712 29.4799365997 33.1663360596 36.8721618652 40.7114868164 44.4129600525 48.1492805481 51.8665618896 55.5222702026 59.2518386841 
0.7854080200 0.7953600287 0.8651520014 0.8693760037 0.8704000115 0.9043200016 1.8903039694 3.8345599174 4.7939200401 6.7579197884 8.6855678558 12.5803518295 16.4730873108 21.2876796722 25.1873283386 29.0330886841 32.9666557312 36.8783378601 41.6978874207 45.5329933167 49.3772811890 53.3063697815 57.2514877319 62.0352325439 65.9179534912 
0.8407040238 0.8517119884 0.9212800264 0.9272000194 0.9285119772 0.9830399752 2.0228800774 4.0939521790 5.1310720444 8.2369279861 9.3438396454 14.4565439224 18.6562557220 23.7931194305 27.9796485901 33.1202239990 37.3381118774 42.4396781921 46.6569938660 51.7650566101 55.9523849487 61.0805778503 65.2912292480 70.4263992310 74.6113586426 
0.8960000277 0.9081599712 0.9765440226 0.9824000001 0.9840639830 1.0432959795 2.1729280949 4.3171839714 5.3995518684 8.6538238525 10.8236799240 16.2488327026 21.6869430542 27.1030712128 31.5155525208 36.8793296814 42.3358078003 47.7736968994 53.1850547791 57.5943679810 62.9893112183 68.4195861816 73.8556442261 79.2635498047 83.6884460449 
0.9543679953 0.9662719965 1.0342400074 1.0393600464 1.0411520004 2.1800959110 3.3694720268 5.6626238823 6.8113598824 10.2433595657 12.5343360901 18.2476806641 23.9807033539 29.7204799652 36.5372810364 42.2347183228 47.9631347656 53.6811523438 59.4216957092 65.1857910156 71.9488677979 77.6957778931 83.4303054810 89.1269149780 94.8992004395 
1.0147839785 1.0269119740 1.1092159748 1.1154240370 1.1330239773 2.2936639786 3.5439999104 5.9187197685 7.1178240776 10.6700801849 14.1494722366 20.1164798737 27.1029758453 34.0988159180 40.0537605286 47.0630416870 53.0695343018 60.0082244873 67.0474243164 72.9906845093 79.9392318726 85.9071044922 92.9402847290 100.0702056885 105.9072036743 
1.0762239695 1.0892800093 1.1486079693 1.1548800468 1.1816320419 2.4627199173 3.7278718948 6.2670397758 7.5422720909 12.5665283203 15.1019515991 22.6652164459 30.2458877563 37.7886734009 45.3600311279 51.7611503601 59.2773132324 66.8180465698 74.4104614258 81.9415054321 89.5230102539 97.1089935303 103.4844131470 110.9990386963 118.5392608643 
1.1376639605 1.1554559469 1.2119679451 1.2184319496 1.2441600561 2.5665919781 3.8870079517 7.8049278259 9.1095037460 14.3252162933 16.9543685913 26.0618247986 33.9030723572 43.0424308777 50.8547821045 58.7223052979 67.8410263062 75.6725769043 84.7785263062 92.6371841431 100.5424652100 109.6098556519 117.4026260376 126.4902420044 134.3612213135 
1.2021759748 1.2203520536 1.2737280130 1.2815999985 1.3074560165 2.6961600780 4.0828800201 8.1766395569 9.5549440384 15.0312957764 19.1269111633 28.6825275421 36.9335365295 46.4482574463 56.0628814697 65.6189422607 73.8283538818 83.3832931519 92.9479064941 102.4426574707 110.7097625732 120.2121887207 129.8591003418 139.3904571533 147.6275787354 
1.2666879892 1.2869440317 1.3421119452 1.3495359421 1.3769919872 2.8200318813 4.2751998901 8.5397758484 11.3551359177 17.0951995850 21.3797760010 31.3630714417 41.3434562683 51.3341445923 61.2956161499 71.2711334229 81.2048339844 91.2268142700 101.2036132812 111.1969604492 122.5460815430 132.4539184570 142.5100860596 152.4725799561 162.4944610596 
1.3363200426 1.3575680256 1.4077759981 1.4176319838 1.4448640347 2.9652481079 4.5301761627 9.0193920135 11.9623680115 18.0034885406 22.4968318939 34.4135665894 44.9173126221 56.8657913208 67.4057312012 79.3688354492 89.8229446411 101.7303009033 112.2361297607 124.0736312866 134.6365509033 146.5098876953 157.0220184326 169.0941467285 179.4901123047 
1.4049279690 1.4275200367 1.4783040285 1.4898560047 1.5165439844 3.0993280411 6.2269439697 10.9055995941 12.5079355240 20.2721271515 24.9576644897 37.4247055054 49.9189758301 62.3656959534 74.7786254883 87.1964187622 99.6779861450 112.1423339844 124.5951995850 137.0419158936 149.5180816650 161.9165802002 172.9392700195 185.3737030029 197.8286132812 
1.4766080379 1.4987839460 1.5412160158 1.5416320562 1.5716799498 3.2231040001 6.4766721725 11.3499202728 14.5891199112 22.6985607147 27.5809593201 42.1724166870 55.2007675171 69.7495040894 82.7648010254 95.7777938843 110.3471984863 123.3712997437 137.9471435547 150.9345245361 165.5050201416 178.5506896973 191.5422668457 206.1404113770 219.1595458984 
1.5482879877 1.5756800175 1.6145919561 1.6148480177 1.6496640444 3.3259520531 6.6580162048 13.2945919037 14.9882879257 24.9340152740 29.9167366028 44.8865928650 59.8209609985 74.7450256348 89.7091522217 104.6906890869 119.6141128540 134.5303039551 149.4999084473 164.5055999756 179.3780822754 194.3085784912 209.3148193359 224.1761322021 239.1593017578 
1.6261119843 1.6517119408 1.6934720278 1.6934080124 1.7488319874 3.5307519436 7.0973439217 14.1953601837 16.0332489014 26.6721286774 32.0477752686 48.0512008667 64.0399703979 80.0672302246 96.0848007202 112.1040649414 128.0706634521 144.1101684570 160.1411895752 176.1262054443 192.1125183105 208.1575927734 224.1218566895 240.1583709717 256.1761169434 
1.7018879652 1.7307200432 1.7663999796 1.7672319412 1.8237440586 3.6626560688 7.3287358284 14.6462717056 18.3106555939 29.2950725555 36.6137924194 53.1058578491 71.4097900391 89.6924514771 106.2048950195 124.4946899414 141.0393981934 159.3395233154 177.6066589355 194.1264953613 213.9704589844 232.4060211182 248.9780120850 267.4391784668 284.0755004883 
1.7960959673 1.8234560490 1.8565759659 1.8565119505 3.7773120403 5.6995840073 9.5586557388 17.2205448151 21.0519676208 32.5201911926 40.1528625488 61.1768302917 80.2723846436 99.3948516846 120.4090881348 139.5158996582 158.5826873779 179.5712280273 198.7899780273 217.9290618896 238.8751373291 257.9634704590 278.9724121094 298.1283264160 317.2491760254 
1.8749439716 1.9064320326 1.9412800074 1.9415040016 3.9443199635 5.9421439171 9.9655675888 17.9353599548 21.9404792786 33.9118080139 41.8877449036 63.7959365845 83.7403869629 103.7032318115 125.5945892334 145.5726776123 165.5027160645 187.3967285156 207.3689880371 227.2877807617 249.2385253906 269.2101745605 291.0450744629 310.9997863770 330.9900817871 
1.9599360228 1.9944640398 2.0203518867 2.0203518867 4.1304321289 6.2171840668 10.3820476532 18.7139205933 24.9047031403 37.3806724548 47.7153282166 70.5760650635 93.3959655762 118.3188476562 141.1517181396 163.9503326416 186.7773132324 211.6177978516 234.5307769775 257.3194885254 280.1551208496 302.9890747070 327.9121704102 350.6857299805 373.6143493652 
2.0428800583 2.0807681084 2.0987200737 2.0991039276 4.2620158195 6.4090881348 10.6982717514 21.3755512238 27.7611522675 42.7315216064 53.4015998840 79.0405120850 104.6927337646 132.4470977783 158.0590362549 183.7015075684 209.3711395264 237.1029815674 262.6947937012 286.2514953613 311.7344970703 339.2469787598 364.6887512207 390.1706237793 415.6108703613 
2.1155838966 2.1514239311 2.1770238876 2.1778879166 4.4380159378 6.6882557869 11.1452484131 22.2653121948 28.9126720428 44.4752960205 55.5868148804 82.2814712524 108.9250869751 137.8365478516 164.5165710449 191.1418914795 217.8723907471 246.7378845215 273.3563842773 300.0584716797 326.7727050781 355.5911560059 382.2248840332 408.9732971191 435.6582336426 
2.2026240826 2.2425599098 2.2722558975 2.2732799053 4.6110720634 6.9433279037 11.5746240616 23.0979194641 29.9949760437 46.0871696472 57.5907821655 85.2692489624 112.8683547974 142.7005767822 170.4065246582 197.9391937256 225.5994262695 255.5369567871 283.1604309082 310.9232788086 337.0235290527 366.0892028809 397.5019226074 421.1425170898 449.1960449219 
2.2968320847 2.3388159275 2.3671360016 2.3679680824 4.7991361618 7.2148480415 14.4158716202 26.4415683746 33.6302070618 52.8240623474 64.8601608276 98.4164505005 129.6647033691 163.2611236572 194.4514617920 228.0739593506 259.3607788086 292.9296875000 324.0729980469 357.8096313477 388.8717346191 422.5321044922 453.8673095703 487.1853942871 518.5952148438 
2.3879680634 2.4345281124 2.4613120556 2.4617280960 4.9871997833 7.5045762062 14.9790716171 27.4663047791 34.9296302795 54.9099502563 67.3617935181 102.2576675415 134.6382141113 169.5529022217 201.9889526367 236.8430023193 269.3109436035 304.2857055664 336.7206726074 371.7127990723 404.1338806152 439.0267028809 471.3891906738 506.0321655273 535.9124755859 
2.4811520576 2.5279040337 2.5487360954 2.5497601032 5.1527681351 7.7557759285 15.5053119659 30.9898242950 38.7307510376 61.9393615723 77.4062042236 116.1021423340 154.7663421631 193.3962249756 232.0566406250 270.2704772949 308.9305725098 347.3476867676 386.3018798828 423.7076416016 461.7359313965 500.7409057617 538.0684814453 576.5969848633 614.8731689453 
2.5722880363 2.6223680973 2.6469759941 2.6479680538 5.3432321548 8.0373764038 16.0570240021 32.0885429382 40.0957450867 64.1616287231 80.1847991943 120.0656967163 160.1030120850 200.0960998535 240.0942077637 279.8372497559 318.9820556641 358.8453369141 398.7444763184 438.6094970703 478.4660034180 518.3426513672 558.2183227539 598.0282592773 637.9852294922 
2.6705920696 2.7205440998 2.7255361080 2.7299199104 5.5408639908 8.3288640976 16.6550083160 33.2953605652 41.6088943481 66.5576934814 83.2008666992 124.7959060669 166.3793945312 207.9790039062 249.5897216797 291.1386108398 332.7905578613 374.3352050781 415.9262695312 457.5371398926 499.1365051270 540.6959838867 582.2843017578 623.8953247070 665.4574584961 
2.7678720951 2.8206079006 2.8211200237 2.8218560219 5.7026557922 11.4041919708 19.9624633789 39.9222412109 48.4812812805 76.9996185303 96.9663391113 145.4202880859 193.8749389648 242.3476409912 290.8149719238 336.4487915039 384.9347839355 433.3946838379 485.1691589355 534.0088500977 582.7174682617 631.4936523438 677.5040283203 726.3833618164 775.1520996094 
2.8917760849 2.9436800480 2.9632320404 2.9634559155 5.9648318291 11.9244480133 20.8752632141 41.7276153564 50.9378547668 80.9010543823 101.3268508911 151.9779815674 202.6291198730 253.2905578613 303.9316711426 353.3655395508 402.2932128906 452.9305725098 503.5915527344 554.2328491211 604.8901367188 655.5719604492 703.8945312500 753.8872070312 804.5977783203 
2.9921278954 3.0515201092 3.0709760189 3.0720000267 6.1634559631 12.3185920715 21.5601921082 43.0878715515 52.5979843140 83.6382751465 104.6362228394 156.8908843994 209.1404418945 260.0799255371 312.3711853027 363.2312316895 415.3914184570 467.5470275879 519.7781982422 571.9429321289 621.4236450195 668.9249267578 720.8713989258 772.8199462891 824.7480468750 
3.0760960579 3.1267840862 3.1268160343 3.1272959709 6.3206400871 12.6361598969 25.2682247162 50.5291519165 63.1572494507 97.9046401978 123.1623687744 183.1639099121 243.1720581055 306.3150634766 366.3173828125 426.3137207031 486.3287963867 549.4710693359 609.4693603516 669.4664916992 729.4801635742 792.6301269531 852.6223144531 913.1519775391 976.2078857422 
3.1836159229 3.2368640900 3.2573440075 3.2572801113 6.5710082054 13.1348476410 26.2231674194 52.3621444702 65.3885116577 101.5737915039 127.6968002319 189.9107208252 252.5981750488 316.9356689453 379.3597106934 441.8948974609 504.7787475586 567.3908691406 630.9805908203 693.4209594727 756.0784912109 817.9966430664 880.5581054688 943.2811279297 1006.1082763672 
3.2983679771 3.3493440151 3.3664638996 3.3669118881 6.8021121025 13.5839042664 27.1533756256 54.2447052002 67.7926406860 105.1389465332 132.2195587158 196.6609954834 261.4445800781 327.9738769531 392.9012756348 457.2269897461 522.6423950195 587.0088500977 652.9255981445 717.0529174805 782.1658325195 846.4116821289 910.4763183594 976.2785034180 1041.1065673828 
3.3986558914 3.4607040882 3.4834239483 3.4836480618 7.0209598541 14.0195837021 28.0299835205 55.9718399048 69.9367370605 108.5716171265 136.5340118408 203.1132507324 270.0491027832 337.7158813477 404.1144409180 470.3063354492 536.4930419922 606.1596069336 672.3389282227 738.5569458008 804.6964721680 874.4028320312 940.6143188477 1006.7952880859 1073.0197753906 
3.5102720261 3.5571520329 3.5576961040 3.5753600597 10.7567996979 17.9322872162 32.2887344360 64.5712356567 82.4903717041 129.1258544922 161.4079742432 243.8825988770 322.7904052734 405.2735900879 484.1876220703 566.6662597656 645.5754394531 728.0578002930 806.9792480469 895.9003906250 975.3877563477 1058.4482421875 1137.9466552734 1220.9844970703 1300.5107421875 
3.6485118866 3.6982719898 3.7189440727 3.7406721115 11.1708164215 18.6204166412 33.7203216553 67.4240951538 85.6306533813 134.8567047119 168.5442504883 253.1519927979 336.8734741211 420.6504516602 502.5704956055 588.1698608398 670.0513305664 755.7027587891 838.7666015625 923.1921997070 1005.0518798828 1090.2998046875 1172.4533691406 1258.2092285156 1339.8206787109 
3.7775359154 3.8143999577 3.8404800892 3.8616640568 11.5389442444 19.2328643799 34.8354568481 69.6540451050 88.4454116821 139.2748870850 174.0948181152 261.4876098633 348.1006164551 433.4581909180 515.3389892578 603.1287231445 687.1044921875 774.8984985352 858.8816528320 942.8897705078 1030.6590576172 1114.6589355469 1202.4552001953 1286.4318847656 1374.1718750000 
3.8561279774 3.9137279987 3.9147520065 3.9311358929 11.7893123627 19.6493110657 35.3748168945 70.7430419922 90.3738250732 141.4541778564 176.8089599609 266.9025268555 353.9719543457 444.5921325684 532.2475585938 621.4121093750 708.8650512695 797.9703979492 886.5623779297 974.9544677734 1062.3856201172 1151.8624267578 1239.4461669922 1328.8621826172 1416.0681152344 
3.9801280499 4.0181760788 4.0407037735 4.0546560287 12.1711683273 24.3174076080 44.6187515259 89.1722564697 109.6990737915 178.1104583740 219.3602600098 329.0111389160 437.8927612305 547.4027709961 656.6788940430 765.8157958984 875.4877929688 984.9855346680 1095.0009765625 1202.5600585938 1312.2982177734 1421.6403808594 1525.5950927734 1634.5659179688 1743.5314941406 
4.0918078423 4.1368322372 4.1374721527 4.1523199081 12.4752321243 24.9477119446 45.7419853210 91.4736328125 112.2698211670 182.9312896729 224.5277404785 336.7831420898 449.0373229980 561.2838745117 673.5292968750 785.7894897461 898.0305786133 1010.2893066406 1122.5389404297 1234.7894287109 1347.0278320312 1469.9565429688 1582.9238281250 1695.9086914062 1809.0034179688 
4.2482881546 4.2926077843 4.3193922043 4.3372478485 12.9665603638 25.9225597382 47.5299835205 95.0394897461 117.3548812866 190.0605468750 234.6926116943 351.9514160156 466.5382080078 583.1769409180 699.7995605469 816.8709106445 933.0491333008 1049.6774902344 1168.5925292969 1282.9147949219 1399.5361328125 1516.1689453125 1632.7772216797 1749.4003906250 1860.2301025391 
4.3361921310 4.3866558075 4.3868160248 4.4028801918 13.2184324265 26.4344310760 48.4597778320 96.9123229980 118.9447708130 193.8012084961 237.8649597168 356.7882995605 475.7002258301 594.6212768555 713.5303955078 832.4403076172 951.3472290039 1070.2639160156 1189.1839599609 1308.0821533203 1426.9952392578 1545.9245605469 1669.6870117188 1791.6866455078 1910.6334228516 
4.4725761414 4.5209598541 4.5475840569 4.5646719933 13.7093124390 27.3797111511 50.2374382019 100.3886718750 123.4827194214 200.4413452148 246.9249572754 370.3746643066 492.9707641602 616.2247924805 739.4242553711 862.0509033203 985.2415771484 1108.2850341797 1232.7470703125 1354.1954345703 1477.1640625000 1600.2512207031 1723.6040039062 1845.9648437500 1969.6678466797 
4.5926399231 4.6448640823 4.6776318550 4.6948800087 14.0825281143 28.1392002106 51.6261444092 103.2207031250 126.8748168945 205.6499176025 253.7243499756 380.5246276855 504.0537719727 630.0457153320 756.0494384766 882.0541381836 1008.0726928711 1134.0615234375 1260.0709228516 1386.0687255859 1512.0731201172 1638.0711669922 1764.0693359375 1890.0603027344 2016.0732421875 
