1.0000000000 8.0000000000 32.0000000000 128.0000000000 512.0000000000 1024.0000000000 2048.0000000000 4096.0000000000 5120.0000000000 8192.0000000000 10240.0000000000 15360.0000000000 20480.0000000000 25600.0000000000 30720.0000000000 35840.0000000000 40960.0000000000 46080.0000000000 51240.0000000000 56320.0000000000 61440.0000000000 66560.0000000000 71680.0000000000 76800.0000000000 81920.0000000000 
0.0656640008 0.0647040009 0.0890880004 0.0737280026 0.0689919963 0.0616640002 0.0603200011 0.0941760018 0.1074559987 0.1584639996 0.0658240020 0.0788479969 0.0849919990 0.1436160058 0.1392640024 0.2590720057 0.0964799970 0.3727360070 0.1075199991 0.0993279964 0.0972800031 0.1098240018 0.1157760024 0.1457599998 0.1392640024 
0.1259520054 0.1259520054 0.1198080033 0.1402879953 0.1505279988 0.1218559965 0.1280000061 0.1361919940 0.1443839967 0.2437119931 0.2344959974 0.2129919976 0.2621439993 0.3297280073 0.1353919953 0.1218239963 0.1536000073 0.4669440091 1.5534080267 0.1906879991 0.1515520066 0.1771519929 0.1382399946 0.1628160030 0.1678400040 
0.1474560052 0.1228799969 0.1259520054 0.1433600038 0.1167360023 0.1167360023 0.1269759983 0.1505279988 0.1812479943 0.2088959962 0.2529279888 0.3583999872 0.6369280219 0.3491840065 0.4106239974 0.4423680007 0.1679359972 0.2140160054 0.2047999948 0.1597439945 0.1866559982 0.1791999936 0.1689600050 0.2675519884 0.1873919964 
0.1914879978 0.1894399971 0.1648640037 0.1689600050 0.1474560052 0.1474560052 0.1720319986 0.2099200040 0.2815999985 0.3563520014 0.4147199988 0.5611519814 0.4945920110 0.5171200037 0.2409600019 0.2466560006 0.2681599855 0.5416960120 0.2684800029 0.2859840095 0.3072000146 0.3481279910 0.3706879914 0.7608320117 0.4741440117 
0.1710080057 0.1812479943 0.2078720033 0.1658879966 0.1658879966 0.1587200016 0.1751040071 0.2109439969 0.2365439981 0.4741120040 0.5621759892 0.8243200183 1.1243519783 0.6942719817 0.7802879810 2.5579519272 0.3134720027 1.0393919945 1.1193280220 0.3891200125 0.3942399919 0.4611200094 0.4955840111 0.4628480077 0.4669440091 
0.1976319999 0.1945600063 0.1791999936 0.1679359972 0.1935359985 0.1832959950 0.1986559927 0.2467840016 0.3706879914 0.5160959959 0.4075520039 0.5877760053 0.7055360079 1.0690560341 0.3287039995 0.3891839981 1.3987840414 0.3758080006 0.5631999969 0.4436480105 0.5703679919 0.5644800067 0.5057600141 0.5163199902 0.5375999808 
0.1617919952 0.1607680023 0.1556479931 0.1761280000 0.1617919952 0.1607680023 0.1791999936 0.2457599938 0.2938880026 0.5140479803 0.7833600044 0.6522880197 0.7393280268 0.8611840010 0.5048320293 0.4915199876 0.4321280122 0.5785599947 0.6697279811 0.5447679758 0.5623999834 0.7548159957 0.6553599834 0.7045120001 0.6635519862 
0.2539519966 0.2887679935 0.2242559940 0.2027519941 0.2068479955 0.2273280025 0.8130559921 0.5273600221 0.6195200086 1.2513279915 1.5554560423 1.6179200411 1.3957120180 1.5216640234 1.9609600306 2.1596159935 0.9789440036 2.5681920052 1.1613440514 1.2770240307 1.3834240437 1.5032320023 1.9169280529 1.4841920137 1.8372160196 
0.2129919976 0.2150399983 0.2273280025 0.2293760031 0.2406399995 0.2580479980 0.3983359933 0.6635519862 0.9748479724 1.5831040144 1.8636800051 2.5487360954 1.9957760572 1.7367039919 2.0858879089 2.3336958885 2.4985599518 2.6767361164 3.0218238831 1.5062719584 1.6199680567 1.7797119617 2.0243840218 1.9906560183 2.1186559200 
0.3706879914 0.3450880051 0.3297280073 0.2826240063 0.2877439857 0.3256320059 0.5519359708 0.8120319843 1.0751999617 1.8257919550 2.1503999233 1.9087359905 2.0756480694 2.0346879959 1.3486720324 1.3352960348 2.8641281128 1.4315520525 1.5465600491 2.2538239956 1.8472959995 2.9091839790 2.2067201138 2.2929599285 2.2930879593 
0.2734079957 0.2426880002 0.2549760044 0.2437119931 0.2672640085 0.3246079981 0.4741120040 0.9031680226 1.2451839447 2.4678399563 2.3531520367 5.3340158463 2.1247999668 2.5968639851 2.7934720516 1.3066240549 3.1016960144 1.6506880522 2.4494080544 1.9804160595 2.2385599613 2.3255999088 3.0661439896 2.2652161121 2.8436479568 
0.2867200077 0.2856959999 0.3082239926 0.3072000146 0.4997119904 0.3727360070 0.6113280058 1.1171840429 1.5779839754 2.3101439476 2.7893760204 3.9895040989 3.6433920860 7.0144000053 1.2936320305 3.1129601002 6.3150081635 1.8329600096 2.8805119991 2.2169599533 3.4839360714 2.6347520351 2.7750399113 2.8149759769 3.2767999172 
0.3072000146 0.2836480141 0.3000319898 0.3000319898 0.3031040132 0.3665919900 0.5959680080 1.3608959913 1.6680959463 2.6265599728 2.9757440090 4.2004480362 7.0369281769 1.2206079960 1.4172159433 1.9711999893 2.7382080555 4.8087038994 2.3203840256 3.2256000042 2.7937600613 3.2348160744 3.5647358894 3.3433599472 3.6313920021 
0.3225600123 0.3133440018 0.3256320059 0.3594239950 0.3624959886 0.4526079893 0.7444480062 1.5800319910 1.9281920195 2.9122560024 4.2147841454 3.0975999832 3.1508479118 6.4563198090 4.0939521790 1.8083839417 4.8189439774 5.5449600220 2.6357760429 3.9006080627 3.0443520546 3.5495040417 3.5155520439 3.7898240089 4.0847358704 
0.3594239950 0.3624959886 0.3502080142 0.3952639997 0.3594239950 0.5017600060 0.7792639732 1.7039359808 2.6286079884 3.1948800087 3.8993918896 6.4972801208 4.3683838844 5.4999041557 4.6858239174 2.1024320126 2.9695999622 3.1631360054 3.7068800926 5.1548161507 3.9413759708 3.6734719276 3.9342079163 4.5250558853 4.5537281036 
0.3051519990 0.2887679935 0.2969599962 0.3194879889 0.4945920110 0.7045120001 4.1216001511 2.4063999653 3.1324160099 5.3473281860 6.6314239502 9.2641277313 13.0938882828 10.6178560257 8.8248319626 11.0643196106 5.9927678108 14.9708795547 7.5050559044 8.1860475540 9.9809284210 10.2799358368 10.1642236710 10.8646402359 10.8001604080 
0.3133440018 0.3010559976 0.3389439881 0.3184640110 0.4669440091 1.3957120180 1.4120960236 2.5088000298 3.2491519451 5.9453439713 8.0066556931 8.8596477509 7.4557437897 8.5432319641 14.0871677399 5.6166400909 11.0909442902 7.0051841736 7.8069438934 11.7166080475 9.3214082718 10.6383361816 11.4002237320 12.2450876236 12.3435201645 
0.4014079869 0.3809280097 0.3727360070 0.3993600011 0.6062080264 0.9472000003 1.8472959995 3.4017279148 4.2055678368 6.7706880569 9.3941755295 8.0414724350 7.6011519432 13.1389436722 11.0981121063 5.9525117874 9.5754241943 8.1725120544 10.4540157318 10.0966081619 10.6178560257 11.4496641159 12.2449922562 11.4822397232 13.2311038971 
0.3799040020 0.3829759955 0.3676159978 0.3952639997 0.6543359756 1.0270719528 9.6030721664 3.6607999802 4.5649919510 7.3113598824 10.3936004639 11.9797763824 10.4980478287 8.5463037491 7.3103361130 7.0328321457 12.3084802628 14.2796802521 9.4085435867 10.1928958893 10.9352960587 11.3102722168 12.1854715347 12.9658880234 11.8077440262 
0.3225600123 0.3225600123 0.3799040020 0.3686400056 0.5601279736 0.9021440148 1.6087039709 2.9706239700 3.9679999352 13.4277124405 16.8898563385 15.3333759308 13.2044801712 15.4388475418 14.4936962128 6.6805758476 8.7326717377 18.5722885132 9.2897281647 10.1941118240 11.7678079605 12.6330881119 12.7395839691 14.4209918976 12.7059516907 
0.3235839903 0.3471359909 0.3768320084 0.4085760117 0.5375999808 0.8908799887 1.5472639799 2.9931519032 3.8184959888 10.1754884720 16.7587833405 11.0499839783 8.5503997803 7.3134078979 8.1766395569 13.1205120087 8.3681278229 18.8159999847 9.6317443848 10.5852155685 13.0356159210 12.9249277115 12.7060480118 13.0049276352 13.3734397888 
0.3502080142 0.3471359909 0.3583999872 0.3809280097 0.5765119791 0.9584640265 1.7571840286 3.3024001122 4.3120641708 8.2165756226 10.9404163361 17.3301753998 14.5786876678 10.6065921783 8.1899518967 16.7669754028 14.3923196793 9.3409280777 11.0059518814 15.7543678284 12.4998722076 14.1354236603 15.3599996567 14.2520322800 15.9221763611 
0.3573760092 0.3624959886 0.3809280097 0.4311040044 0.6717439890 1.0803200006 2.0080640316 4.4216318130 5.5879678726 9.5211515427 12.3105278015 10.0884475708 12.6351356506 9.5272960663 14.2325763702 16.1761283875 8.6999044418 12.4344320297 10.8062715530 11.7391357422 12.9320955276 13.9939842224 14.5529918671 13.8946561813 17.7264633179 
0.4782080054 0.4546560049 0.4720639884 0.5048320293 0.8232960105 1.3250559568 2.8375039101 5.4507517815 6.8403201103 11.0807037354 13.0324478149 11.3797121048 11.6172800064 14.4353275299 14.4200315475 19.4611206055 19.8502407074 19.8799362183 12.3402242661 16.0849914551 14.7671041489 20.4308471680 16.9567031860 16.6593284607 19.6689910889 
0.4290559888 0.4485119879 1.2349439859 0.4986880124 0.8488960266 1.5360000134 3.3075199127 6.3068161011 7.3205761909 12.5941762924 18.0111351013 22.9242877960 11.5568637848 14.5162239075 20.6315517426 9.2816963196 14.2673921585 12.5347204208 13.7779197693 14.4313602448 18.5487365723 17.1202564240 18.7566070557 19.6457920074 17.8616313934 
0.4229120016 0.4065279961 0.4095999897 0.4392960072 0.7075840235 1.3158400059 2.3633921146 4.5230078697 9.6645116806 11.7288961411 10.8267517090 16.3450870514 12.7959041595 19.1907844543 9.0245437622 11.1526718140 13.7178239822 18.9521923065 20.3038711548 15.2883844376 19.3669128418 18.0572166443 19.8973445892 20.7001590729 19.0197753906 
0.3860479891 0.3993600011 0.3901439905 0.4474880099 0.7137280107 1.3516800404 2.4801280499 4.5629439354 8.5114879608 12.2183675766 10.9823999405 20.1349124908 16.6522884369 20.7984638214 25.7351684570 10.0864000320 13.9530239105 12.9597444534 14.8194236755 16.3286724091 20.1873607635 19.0968952179 20.4759044647 20.3417282104 19.6392631531 
0.4577279985 0.4546560049 1.4837759733 0.5335040092 0.8263679743 1.5912959576 2.8528640270 5.3626880646 8.6599683762 15.0364160538 20.7155208588 15.1848964691 16.5150718689 16.1576957703 21.9443206787 29.2433929443 12.2193918228 13.6714239120 22.4083843231 16.7035198212 22.4890880585 20.1953277588 21.4169597626 21.2298564911 23.6697597504 
0.4679679871 0.4618239999 0.4679679871 0.5027840137 0.8570880294 1.6558079720 3.0208001137 7.0471677780 8.5155839920 13.2239360809 15.2555522919 19.9075832367 14.3872003555 18.0623359680 25.3439998627 10.9773759842 15.9733762741 14.1162242889 19.9855995178 17.1253757477 19.3027191162 20.8209915161 22.5146884918 20.2569599152 24.9200649261 
0.5672960281 0.6359040141 0.6379520297 0.6850559711 1.6035840511 2.5763840675 12.9904642105 12.0801277161 15.8597116470 21.8572807312 19.4007034302 18.3255043030 18.4463367462 17.5390720367 24.0373764038 28.9177608490 33.5882225037 18.5189762115 30.4691200256 28.2183685303 24.5452804565 27.0612487793 25.6760635376 35.1109123230 32.4874229431 
0.4505600035 0.4403199852 0.4679679871 0.5242879987 0.8990719914 1.6486400366 3.1518719196 6.0129280090 12.9822721481 15.5965442657 14.4025602341 21.1312637329 18.9224967957 22.8433914185 21.0739192963 14.2899522781 14.1037120819 19.9475193024 25.4044151306 19.7048969269 22.0979194641 23.9712009430 25.3678073883 26.9507522583 28.2204151154 
0.4147199988 0.4300799966 0.4382719994 0.5335040092 1.3035520315 2.3060479164 4.4810237885 9.0941438675 11.9459838867 30.1301765442 20.9121284485 28.3176956177 26.4407043457 33.1745262146 23.0123519897 23.2981128693 43.5947837830 51.8103027344 31.7173767090 34.2067184448 37.1763191223 40.2256965637 43.2837448120 40.5875205994 43.7463035583 
0.4444159865 0.4014079869 0.4044800103 0.5109760165 1.3219840527 2.2702078819 4.5987839699 8.7971839905 11.6899843216 23.5479030609 42.7806701660 33.8042869568 37.3944320679 41.3460464478 43.6991996765 22.4225273132 30.0953598022 61.8516464233 31.7000312805 34.6584625244 45.3109741211 40.8975677490 43.9349136353 42.8820495605 43.3397750854 
0.4147199988 0.4126720130 0.4044800103 0.5242879987 1.2677119970 2.2783999443 4.2332158089 8.6753282547 16.0829448700 22.8300800323 23.6769275665 28.1098232269 32.5048332214 43.2476158142 43.3203201294 59.5701751709 64.7362594604 29.1085128784 32.5522575378 43.2468147278 39.4947204590 42.0812797546 47.8538894653 44.2166709900 51.5962867737 
0.5140479803 0.4853760004 0.5396479964 0.6389759779 1.5810559988 3.8195199966 14.4107522964 22.7850246429 18.2804489136 45.1573753357 24.1336326599 33.5298576355 32.7618560791 40.5452804565 46.1260795593 23.4356479645 63.1265296936 29.7297916412 43.8509750366 36.2508811951 42.2236175537 42.6566390991 42.8228797913 50.6152954102 47.5668487549 
0.4577279985 0.4700160027 0.4843519926 0.6144000292 1.5503360033 2.6327040195 5.0943999290 10.7274236679 13.6212482452 42.6629104614 20.3345928192 33.6650238037 39.3011207581 48.9891853333 29.0171833038 25.7382392883 86.3160324097 30.6932792664 34.0766716003 44.7600631714 40.6765136719 44.0043525696 50.5477104187 45.0027503967 54.9816322327 
0.4741120040 0.4567039907 0.4659200013 0.6092799902 1.6199680567 2.7852799892 8.5237760544 10.8656635284 31.0968322754 36.7257614136 23.3113594055 34.2220802307 46.0175361633 26.4396800995 26.5903682709 71.1792602539 82.4688644409 32.1259536743 34.5581130981 38.0250892639 45.3120002747 54.8446731567 48.1087684631 54.2743377686 47.2309761047 
0.4607999921 0.4761599898 1.4151680470 0.6062080264 3.0832641125 2.8467199802 5.5879678726 10.6434564590 14.3595523834 49.1704330444 29.3918724060 38.9570541382 47.2012786865 27.4227199554 26.0720634460 26.6311683655 101.4087677002 32.7004165649 35.6822090149 38.5013771057 42.6085433960 44.9262390137 49.5872001648 50.9122543335 48.9082870483 
0.4392960072 0.4229120016 0.4259839952 0.6000639796 1.5124479532 2.6265599728 4.9950718880 13.9980802536 13.4195203781 21.8367996216 30.3032321930 28.8706550598 41.6040954590 27.2537593842 27.4391040802 37.6872978210 72.9118728638 79.4562530518 49.0949440002 52.0663032532 43.8037757874 48.1269760132 50.7463684082 64.4833297729 65.8749465942 
0.6144000292 0.6154239774 0.6174719930 0.7854080200 3.4887681007 6.3180799484 12.9515523911 32.9789428711 15.8740482330 28.9064960480 34.7187194824 47.6426239014 57.1863021851 27.4257926941 29.6458244324 38.6048011780 111.1326751709 51.9856338501 51.7550086975 54.2096633911 53.7907218933 61.1912002563 54.9067840576 59.9133453369 79.4050598145 
0.6686720252 0.6420480013 0.6676480174 0.8560640216 3.8062078953 6.8515839577 13.6099843979 27.1513595581 40.2821121216 29.4031352997 33.6035842896 45.9929618835 60.0678405762 28.5952320099 29.7891845703 97.7244186401 34.3418235779 135.4147796631 54.4197425842 44.5972480774 48.4884490967 51.8400306702 68.0663070679 58.1541137695 55.7168655396 
0.5877760053 0.5519359708 0.5724160075 0.7055360079 2.2026240826 4.0140800476 7.3830399513 14.9340162277 43.7473297119 34.4596481323 38.1245422363 56.6528015137 65.9876174927 79.9202270508 30.3505592346 33.7890892029 47.2217597961 147.8205413818 53.3667831421 45.2270088196 61.6417274475 53.3340148926 59.0161933899 53.9914894104 61.7167358398 
0.5386239886 0.5150719881 0.5550079942 0.7137280107 2.1954560280 3.8778879642 7.6728320122 18.3951358795 55.5120658875 29.3314552307 33.5585289001 45.5362548828 60.6310386658 73.2467193604 33.0885124207 92.4026870728 120.1981430054 38.2681274414 41.8774414062 45.8711051941 49.7879981995 56.1274871826 59.2435188293 72.3529281616 66.3101425171 
0.5457919836 0.5591040254 0.5724160075 0.7280640006 2.5047039986 4.5117440224 10.5215997696 19.6126728058 48.2416648865 30.0451831818 44.3647994995 61.8147850037 72.0404510498 89.4064636230 32.6709442139 127.2883224487 35.1600646973 55.2468490601 43.0644149780 54.8720626831 52.6039047241 58.2821426392 60.9312973022 55.3195533752 61.8528633118 
0.5140479803 0.4966399968 0.5283839703 0.6625279784 2.8600320816 4.5670399666 8.5063676834 20.7482872009 21.1875839233 38.1286392212 42.4437751770 62.9227523804 79.6088333130 97.1550750732 28.0251846313 39.9073295593 53.3566398621 173.9857940674 43.6674575806 71.7742385864 52.2168312073 56.5401611328 59.3326072693 56.1697921753 59.8353919983 
0.5724160075 0.5519359708 0.5775359869 0.7137280107 2.7770879269 5.0350079536 9.4771203995 18.4422397614 26.7991046906 35.9557113647 45.5731201172 62.5213432312 84.4524459839 28.8401279449 112.2344970703 39.4055671692 53.5070724487 40.5128326416 45.5659523010 49.3742065430 60.6115837097 70.2290267944 66.5364456177 58.3628807068 62.7568626404 
1.5718400478 0.5232639909 0.5611519814 0.6942719817 2.3531520367 5.1343359947 7.6062722206 15.2719364166 19.0064640045 69.9873275757 38.1624336243 53.7610244751 23.8049278259 69.0013427734 35.3023986816 33.8790397644 40.7237434387 134.4583740234 49.0137596130 49.9611206055 58.0679664612 60.5788154602 63.3609580994 68.4666900635 84.2160034180 
0.6676480174 0.6389759779 0.6625279784 0.9215999842 3.4764800072 6.1839361191 11.6879358292 23.0563831329 36.4001274109 56.7777290344 64.1208343506 82.3203811646 109.6663055420 37.1834869385 52.1768951416 184.2216949463 55.2058868408 81.2707824707 170.5543670654 84.5219802856 85.7007064819 84.5465621948 108.3576354980 85.1722259521 105.3729934692 
0.7393280268 0.7045120001 0.7086079717 0.9973760247 3.6904959679 6.4849920273 12.4477443695 24.4285430908 77.0068511963 47.1316490173 54.7082252502 28.6238727570 114.5251846313 33.6343040466 56.2421760559 196.3018188477 65.5280990601 140.5350341797 66.5089263916 72.3517456055 79.5566101074 93.5006103516 90.8237152100 117.2244491577 92.3811874390 
0.7669759989 0.7362560034 0.7710719705 1.0342400074 3.9843840599 10.5021438599 14.9053440094 63.9457283020 33.8790397644 55.5898895264 65.5861740112 99.5010528564 35.9446716309 163.1518707275 40.7244796753 57.2293128967 73.1432952881 179.6997070312 95.6651535034 74.9938583374 81.6445465088 87.6267547607 88.8729629517 103.5459823608 118.9744644165 
0.6952959895 0.7045120001 0.7137280107 1.0209280252 6.9181442261 9.0900478363 12.9607677460 32.3799057007 84.3100128174 48.8120307922 56.9118728638 61.2925453186 36.6397438049 153.7628173828 41.2538871765 65.0169601440 188.6801910400 70.4931869507 95.7911071777 75.6145248413 82.6207962036 102.0671997070 97.8790435791 89.1033630371 108.8340835571 
0.8120319843 0.7710719705 1.3086719513 1.1048959494 5.2715520859 11.4257917404 18.5548801422 77.7738265991 41.7320976257 57.7894401550 72.0988159180 30.8951034546 131.3556518555 35.2064323425 177.7930297852 68.6592025757 201.7023925781 112.0829467773 70.6559982300 76.8618240356 88.2687988281 90.5881576538 98.2753295898 106.0362243652 98.3377609253 
0.7178239822 0.7495679855 0.7516160011 1.0506240129 4.2188801765 8.5698556900 18.9562873840 87.1034851074 38.1204490662 58.9967346191 74.0659179688 62.2202873230 37.7323532104 166.2023620605 42.5624656677 63.9252471924 82.4207382202 63.5166702271 105.0583038330 93.8158111572 86.1552658081 92.4080352783 103.8470687866 105.6768035889 115.2204818726 
0.8663039804 0.8601599932 2.0940799713 2.0684800148 17.0608634949 34.4422416687 36.4277763367 39.6400642395 42.1580810547 66.2149124146 86.7051544189 122.3198699951 27.8295993805 203.1288299561 37.3381118774 65.8894729614 83.8563842773 65.3967361450 272.9719543457 112.0952301025 95.7501754761 95.0169601440 100.8632354736 108.7866897583 115.6147232056 
0.7884799838 0.7331839800 0.7751680017 1.3414399624 3.9905281067 7.3226242065 17.5144958496 70.6437149048 34.5077743530 50.7781105042 64.7444458008 98.3183364868 32.0532150269 130.5735931396 45.4819831848 218.9926452637 102.6109466553 65.3528289795 72.6517791748 102.4307174683 88.6097946167 94.2970886230 121.7864990234 108.9433593750 116.0744934082 
0.8724480271 0.9041919708 0.9451519847 3.0382080078 10.7673597336 20.0181751251 47.9754257202 35.4017295837 43.5855369568 71.5489273071 90.3731231689 27.1587524414 46.9637107849 195.4027557373 45.4531822205 70.2341156006 62.8418540955 101.0688018799 77.7062377930 98.5507507324 93.7933731079 102.8927001953 110.9401626587 118.2722244263 108.7419509888 
0.8314880133 0.8888319731 0.8826879859 1.2666879892 5.4487037659 12.8174076080 48.1392631531 35.4344978333 47.6999664307 82.7781143188 93.4000625610 34.2323837280 45.0437126160 156.7457275391 48.6912307739 281.0583190918 74.1959991455 276.8322448730 79.5627517700 112.0081939697 94.4557418823 102.1706237793 109.8874893188 103.6431350708 118.2975997925 
0.8949760199 0.8765439987 0.9154559970 1.3240319490 5.8777599335 22.3631362915 67.3044509888 48.7157745361 50.2036476135 80.1679382324 100.2567672729 32.5747528076 163.7488708496 35.1907844543 62.9708786011 65.1816940308 208.4843444824 89.4617614746 80.7700500488 106.3057937622 134.4143371582 104.2524185181 111.7388763428 124.8308792114 113.2625885010 
0.9082880020 0.8826879859 0.9441279769 1.3547519445 10.9803524017 28.9290237427 55.9851531982 39.2376327515 47.5668487549 76.2900466919 92.2634277344 25.3593597412 146.5651245117 35.8686714172 61.5608329773 235.9582672119 80.6543350220 104.3476486206 114.4127044678 89.7887344360 97.2001266479 128.5713958740 113.6889572144 122.4203491211 129.1041870117 
0.9615359902 0.9472000003 0.9963520169 1.4520319700 12.5972480774 38.7205123901 55.9226875305 48.7946243286 54.8126716614 81.8995208740 25.7699832916 36.8332786560 168.4320373535 39.6587524414 67.7601242065 252.1784362793 90.4325103760 297.9317626953 117.8787841797 107.7546539307 141.5639648438 108.3498229980 116.0263671875 121.8447341919 120.3343658447 
0.9082880020 0.8980479836 1.0096640587 1.4059519768 7.6247038841 31.6426239014 63.9313926697 111.4040298462 8.5860157013 13.6010560989 17.1677112579 160.0122833252 29.5135688782 235.8827209473 69.2807693481 188.9846649170 120.7203826904 75.9901123047 178.2937622070 93.0795822144 143.1797790527 109.6273956299 117.5275497437 126.1731872559 159.5630645752 
1.0076160431 1.0567679405 2.0654079914 1.7254400253 14.0421123505 27.2250881195 59.5415039062 48.6604804993 59.2824325562 75.1523818970 26.6854400635 40.2362251282 238.0185546875 38.2177276611 63.1492156982 67.8359069824 175.1009216309 78.7356796265 96.5031356812 136.5237731934 124.1477127075 112.6922225952 120.0406417847 145.9681243896 122.6272354126 
0.9656320214 0.9256960154 0.9738240242 1.4632960558 19.0146560669 21.4794235229 40.2851829529 40.2647056580 51.2808952332 73.3880310059 25.1485118866 38.1235198975 147.6720581055 46.0462074280 74.3843841553 71.1034851074 69.2541427612 168.9579467773 99.1345291138 110.1905899048 125.1257629395 122.7745285034 125.2177886963 138.7612152100 123.8323211670 
1.1366399527 1.1427839994 1.1796480417 1.8565119505 7.7045760155 18.0654087067 76.4098587036 59.1493110657 73.6921615601 107.7043228149 24.9109439850 36.0284805298 195.6784057617 90.8533782959 91.3891830444 108.8491516113 317.2127075195 220.9037475586 119.8336944580 130.8119049072 143.1879730225 140.0145874023 147.5850219727 169.6647033691 186.1877746582 
2.3644158840 2.3316481113 2.5098240376 4.0028162003 30.3390712738 46.6063346863 80.6021118164 171.9623718262 12.7354240417 19.2592964172 24.6630401611 65.5984649658 159.8750762939 57.2784652710 177.1182098389 179.5583953857 212.1676788330 108.6883850098 250.9936676025 164.7393035889 140.9474487305 166.0467224121 159.2709045410 158.0850830078 192.7270355225 
1.6568319798 1.6394239664 3.4396159649 3.2993280888 19.0064640045 46.1301765442 77.3468170166 60.3719673157 77.9898910522 111.7992935181 31.4185276031 45.6335372925 268.1170654297 54.4778556824 92.3742370605 125.5731201172 214.6703338623 109.5915527344 293.0341186523 134.0272674561 146.6337280273 159.2127380371 156.5941772461 183.2285461426 172.1149444580 
1.5083520412 1.5759359598 1.6588799953 3.1324160099 26.8400630951 33.0751991272 85.5091171265 141.0856933594 68.9745941162 119.5141143799 99.1969604492 45.4676475525 214.6109466553 53.5889930725 91.3479690552 102.1777954102 135.6851196289 150.4450531006 254.6718750000 173.8990325928 148.3049926758 159.7787475586 172.5450286865 181.9299774170 174.2346496582 
1.7223680019 1.7438720465 1.8575359583 3.6669440269 20.4697608948 56.6886405945 98.8948516846 67.3710098267 87.2939529419 134.2586822510 25.7682552338 38.8200950623 145.7336273193 234.9987792969 96.6584320068 110.9074554443 120.5411834717 139.2568359375 255.2526397705 138.2215728760 150.6899566650 162.4207305908 175.1074523926 177.0486145020 176.1304321289 
1.6640000343 1.7213439941 1.8012160063 3.2010240555 21.4087677002 47.6579856873 93.4461441040 70.7512283325 87.6595230103 126.8253402710 22.1767673492 33.5032310486 74.1203536987 92.4375076294 101.6258544922 128.7383422852 103.0297622681 256.0942077637 168.3455963135 139.9265289307 153.0658569336 176.4259796143 178.4835205078 170.9608917236 190.8777008057 
