1.0000000000 8.0000000000 32.0000000000 128.0000000000 512.0000000000 1024.0000000000 2048.0000000000 4096.0000000000 5120.0000000000 8192.0000000000 10240.0000000000 15360.0000000000 20480.0000000000 25600.0000000000 30720.0000000000 35840.0000000000 40960.0000000000 46080.0000000000 51240.0000000000 56320.0000000000 61440.0000000000 66560.0000000000 71680.0000000000 76800.0000000000 81920.0000000000 
0.0686080009 0.0975999981 0.0624639988 0.0624639988 0.0617280006 0.0635519996 0.0617600009 0.0642239973 0.0675840005 0.0675840005 0.0665600002 0.1292160004 0.0676160008 0.0687360018 0.1331200004 0.1843200028 0.2160640061 0.2447360009 0.2969599962 0.3297280073 0.3246079981 0.3717119992 0.4116480052 0.4382719994 0.4792320132 
0.1955839992 0.1464319974 0.1536000073 0.1832959950 0.1832959950 0.1761280000 0.1884160042 0.1863680035 0.1955839992 0.1884160042 0.2119680047 0.2549760044 0.2928639948 0.3430399895 0.3768320084 0.4382719994 0.8857600093 0.6174719930 0.6963199973 0.8212479949 0.8908799887 0.9379839897 1.0618879795 1.0946559906 1.1458560228 
0.1781760007 0.1853439957 0.1863680035 0.1955839992 0.1925120056 0.1976319999 0.2078720033 0.3194879889 0.2560000122 0.2273280025 0.2570239902 0.3430399895 0.3952639997 0.9144319892 0.5949440002 0.7854080200 0.9400320053 1.0055680275 1.1530239582 1.2410880327 1.3301759958 1.9609600306 1.5646719933 1.6640000343 2.2681601048 
0.2242559940 0.2088959962 0.1986559927 0.2047999948 0.2283519953 0.2385919988 0.2682879865 0.2815999985 0.3153919876 0.4177919924 0.4761599898 0.6737920046 0.8325120211 1.0434559584 1.2072960138 1.3486080170 2.0480000973 1.6619520187 1.8339840174 2.0121600628 2.1596159935 2.2999041080 2.4678399563 2.6644480228 2.8159999847 
0.2201599926 0.2007039934 0.2355200052 0.2488320023 0.2560000122 0.2734079957 0.2949120104 0.3215360045 0.3778559864 0.5294079781 0.6246399879 0.8683519959 1.1417599916 1.4049279690 1.6240639687 1.8698240519 2.1063680649 2.3326721191 2.5661439896 2.8057599068 3.0760960579 3.2880640030 3.5031039715 3.7232639790 4.3816962242 
0.2406399995 0.2447360009 0.2303999960 0.2570239902 0.2897920012 0.2795520127 0.3000319898 0.3840000033 0.4392960072 0.6440960169 0.7598080039 1.1038719416 1.4540799856 2.1657600403 2.0520958900 2.4012799263 2.6552319527 11.2384004593 3.8369278908 3.6444160938 3.9055359364 4.6540799141 4.5168638229 4.8046078682 5.1527681351 
0.2641919851 0.2447360009 0.2785280049 0.2744320035 0.3184640110 0.4577279985 0.3368960023 0.4454399943 0.5140479803 0.7802879810 0.9052159786 1.4479360580 1.8063360453 2.6746881008 2.6112000942 3.0033919811 11.9562244415 3.7857279778 4.0919041634 4.4584960938 4.8506879807 5.2520961761 5.6391677856 6.4788479805 6.4010238647 
0.3604480028 0.3205119967 0.3174400032 0.3655680120 0.3829759955 0.4075520039 0.6399999857 0.9287679791 1.1294720173 1.6947200298 2.0828158855 3.0259199142 4.2250242233 4.7708158493 6.0528640747 7.0359039307 7.3267202377 8.6886396408 9.6788482666 9.9225597382 24.0076808929 18.0459518433 13.0498561859 26.5799674988 21.6565761566 
0.3481599987 0.3348479867 0.3665919900 0.4341759980 0.4055039883 0.4597760141 0.6912000179 1.0772479773 1.3383680582 2.0357120037 2.4371199608 4.0140800476 4.4840960503 6.2115840912 6.5249280930 7.9298558235 8.6067199707 9.6552963257 17.7530879974 11.6377601624 18.6378231049 20.6673927307 22.4337921143 28.7836151123 23.1362552643 
0.3850240111 0.3993600011 0.4136959910 0.4188160002 0.4362240136 0.5027840137 0.7956479788 1.2544000149 1.6599040031 2.3787519932 0.3840000033 0.5294079781 0.6665599942 2.5784320831 5.7466878891 15.8259201050 16.4177913666 17.5656967163 12.7528963089 13.5546884537 15.2002563477 16.4321289062 17.7336311340 24.5903358459 20.3407363892 
0.4515840113 0.4239360094 0.4802559912 0.4270080030 0.4833280146 0.5468159914 0.8755199909 1.4090240002 1.7807359695 2.8067839146 3.7017600536 5.0995202065 6.1030402184 7.9575037956 8.9692163467 10.5420799255 21.1435527802 13.9499521255 15.0251522064 29.0539512634 24.4664325714 25.6686077118 27.3336315155 21.3719043732 29.7820167542 
0.4607999921 0.4495359957 0.4966399968 0.5017600060 0.5109760165 0.5888000131 0.9154559970 1.6025600433 2.0428800583 3.0699520111 3.6556799412 5.7763838768 6.8700160980 15.1818237305 10.0188159943 18.0951042175 13.2024316788 15.8259201050 23.7301769257 19.4467830658 19.9290885925 21.2817916870 29.5403518677 38.2760963440 32.8919029236 
0.5120000243 0.5079039931 0.5058559775 0.5089280009 0.5457919836 0.6451200247 6.4081921577 1.8206720352 2.3592960835 3.6618239880 4.1031680107 5.9566078186 8.1469440460 10.2952957153 11.2015361786 19.3740806580 18.2394886017 17.2728328705 24.9323520660 20.6366710663 28.5747203827 23.9595527649 45.7205772400 34.5610237122 36.3888626099 
0.5570560098 0.5570560098 0.5519359708 0.6041600108 0.5877760053 0.7086079717 1.1683839560 2.7207679749 2.6972160339 3.9526400566 5.0032639503 6.7010560036 8.6251516342 16.9891834259 12.7426557541 19.7969913483 17.2881927490 18.8467197418 20.9909763336 22.8853759766 31.3425922394 45.9601936340 38.6017265320 43.2322578430 33.0219535828 
0.5744640231 0.5611519814 0.5928959846 4.6551041603 0.6318079829 0.7792639732 1.3936640024 2.4698879719 3.0238718987 4.4042239189 11.6408319473 13.9120635986 9.6706562042 12.0145921707 14.1588478088 23.7731838226 24.8780803680 21.7425918579 35.3341445923 25.5610885620 28.5583362579 36.2711029053 38.6754570007 34.7064323425 43.5712013245 
0.5672960281 0.5611519814 0.5775359869 0.6307839751 5.2008957863 1.5144959688 2.8149759769 5.3534722328 14.6401281357 9.9102716446 43.5855369568 17.1130886078 32.2078704834 30.3472633362 44.1927680969 74.3034896851 71.8366699219 61.9243507385 92.2265625000 73.7402877808 95.9232025146 93.8844146729 110.9329910278 105.5897598267 120.0793609619 
0.5550079942 0.5836799741 1.7408000231 0.6543359756 1.0711040497 1.6128000021 2.8876800537 5.3964800835 6.6355199814 14.5704956055 12.7467517853 19.0412807465 26.5830402374 31.2944641113 50.2722549438 60.4856338501 60.3914222717 80.6225891113 78.7957763672 85.3493728638 83.0638046265 97.5585250854 95.3241577148 109.7768936157 106.3751678467 
0.6584320068 0.6369280219 0.6338559985 3.6782081127 1.3199360371 1.6783360243 3.1610879898 5.9238400459 7.0911998749 19.1928329468 13.8117122650 28.5624313354 35.1866874695 37.8521614075 69.6309738159 47.8914566040 70.1480941772 82.9900817871 99.9710693359 98.5128936768 96.7106552124 111.8320617676 112.5632019043 113.2615661621 131.6751403809 
1.7807359695 0.6338559985 0.6717439890 0.6871039867 1.1100159883 1.7367039919 3.3013761044 5.9934720993 12.1804800034 11.6623363495 22.4983043671 29.5239677429 33.8176002502 51.4170875549 58.5215988159 57.3665275574 88.6056976318 78.8623352051 78.3974380493 89.2825622559 130.9675445557 109.2843551636 130.4934387207 97.5175704956 125.2945938110 
0.6594560146 0.6676480174 0.6830080152 0.7403519750 1.2349439859 1.8739199638 3.5665919781 6.4727039337 8.0302076340 26.5850887299 27.8210563660 38.2494735718 46.1158409119 45.8813438416 45.2454414368 60.8163833618 75.9050216675 95.1511077881 80.9451522827 93.4891510010 99.2604141235 111.2893447876 132.3059234619 143.2832031250 116.0120315552 
0.6481919885 0.6707199812 0.7137280107 0.7546880245 1.2390400171 1.8769919872 3.6648960114 13.5321598053 8.2401275635 21.2459526062 23.3390083313 32.2560005188 39.8315505981 63.1234550476 53.4773750305 70.6170883179 76.5102081299 94.9719009399 95.0794219971 108.7303695679 117.0718688965 109.7676773071 147.2542724609 100.7523803711 145.5984649658 
0.2867200077 0.3031040132 0.3614720106 0.3379200101 0.4812799990 0.8181759715 1.4602240324 6.2504959106 3.7795839310 6.5095682144 18.5149440765 18.3019523621 58.4714241028 50.9624328613 60.5562896729 67.6864013672 82.3552017212 97.4161911011 98.8753890991 115.4416656494 116.0427551270 127.3989105225 155.2056274414 102.2074890137 145.6455688477 
0.7434239984 0.7116799951 0.7157760262 0.7946239710 3.0054399967 2.1893119812 4.0949759483 7.7096958160 9.3255681992 14.5582084656 26.2584323883 26.7407360077 41.8815994263 44.4323844910 75.6111373901 78.5029144287 84.5977630615 103.3728027344 102.0641250610 125.6765441895 53.1384315491 144.4065246582 106.5768966675 183.6523590088 147.8901824951 
0.3696640134 0.3317759931 0.3153919876 0.3583999872 0.6103039980 0.8652799726 1.6424640417 3.3536000252 4.3151359558 11.2015361786 12.9566717148 22.6344966888 68.3571166992 67.1006698608 92.0217590332 78.3820800781 94.5797119141 104.8903656006 135.7895660400 57.0378227234 143.4920959473 94.7804183960 186.8902435303 138.4929351807 146.6531829834 
0.7864320278 0.7895039916 0.7639039755 0.8652799726 1.4397439957 2.6828799248 4.8117761612 8.8340482712 19.8492164612 23.2294406891 28.1907196045 33.0199050903 57.9328002930 63.3763847351 92.3463668823 81.7633285522 105.6040954590 124.4088287354 129.0137634277 148.9121246338 88.9303054810 166.5413055420 190.7752990723 159.3774108887 168.5186614990 
0.8632320166 0.8663039804 0.9021440148 1.0280959606 1.6568319798 2.9644799232 5.5060482025 15.4777603149 12.4825601578 19.3464317322 23.9411201477 52.8824310303 61.1839981079 72.8299484253 76.7129592896 96.5386276245 123.4851837158 40.1295356750 141.5505981445 65.2605438232 171.8527984619 110.2622756958 162.7832336426 169.8775024414 186.2144012451 
0.6983680129 0.7147520185 0.8222720027 0.8519679904 1.4899200201 15.7655038834 13.6488962173 10.0986881256 13.2505598068 25.7218551636 25.3962230682 45.9878387451 58.1959686279 91.9490585327 88.0250854492 125.7717742920 113.6373748779 121.4443511963 130.2825012207 152.3886108398 184.0487976074 116.7912979126 188.4048004150 130.6378173828 158.3677368164 
0.3573760092 0.3942399919 0.3819519877 0.4280320108 0.6492159963 1.2380160093 2.1770238876 4.2096638680 5.5941119194 9.3685760498 21.6924152374 38.3160324097 71.1649246216 71.7905883789 111.8535690308 126.6329574585 136.1971130371 45.0938873291 136.8852539062 166.5300445557 79.7460479736 208.7209014893 121.9358749390 156.0494384766 156.7487945557 
0.3368960023 0.3696640134 0.3379200101 0.3737600148 0.6553599834 4.5250558853 2.1913599968 4.3130879402 5.7149438858 9.8365440369 17.4950408936 46.7445755005 54.1972465515 82.6992645264 102.7194900513 122.1498870850 147.5358734131 50.1043205261 149.1507263184 157.2720642090 160.9082946777 167.5509796143 164.7769622803 147.0597076416 188.3217926025 
3.4805760384 0.9400320053 0.9461759925 1.0321919918 1.8094079494 3.6423680782 7.3359360695 13.0201597214 16.7249927521 32.2263031006 53.5214080811 40.8985595703 75.7288970947 104.2698211670 111.7276153564 137.9307556152 45.6427536011 138.7038726807 68.4277725220 187.6695404053 138.4550476074 145.8247680664 167.9718475342 189.8301391602 248.1305541992 
0.3522560000 0.3276799917 0.3276799917 0.3563520014 0.6615039706 1.2677119970 2.4842240810 8.0476160049 6.1102080345 10.4611835480 28.7754230499 25.2067832947 57.0583038330 86.6652145386 107.1370239258 126.7445755005 152.7889862061 49.9599342346 145.4028778076 76.1681900024 183.2765502930 188.8471069336 150.3592681885 198.3245697021 197.2490234375 
0.3696640134 0.3624959886 0.3768320084 0.4577279985 1.0977280140 2.1073920727 3.6823039055 7.6185598373 10.2430715561 22.4839687347 37.0063362122 49.4202880859 69.9504623413 99.1549453735 174.2430725098 52.6100463867 152.8227844238 84.8220138550 184.0281524658 230.5628204346 160.8202209473 164.2344970703 170.6997833252 170.6659851074 266.5656433105 
1.2922879457 0.3594239950 0.3604480028 0.4464640021 1.0598399639 1.9527679682 3.6177918911 7.5724802017 9.8457603455 17.5073280334 39.4291191101 71.2468490601 87.9339523315 142.4209899902 153.8303985596 53.0657272339 163.9446716309 86.8700180054 160.5775299072 124.7242202759 283.7073974609 220.6198425293 191.5320281982 284.1775207520 166.5812530518 
0.3747839928 0.3819519877 0.3676159978 0.4700160027 1.1212799549 1.9865599871 7.7516798973 9.1002883911 10.5850877762 18.4872951508 45.0621452332 58.6547203064 46.8203506470 130.7484130859 40.0701446533 137.9020843506 80.6871337891 203.5640258789 107.5261459351 170.6281585693 140.9771575928 325.4527893066 160.4116516113 243.3361968994 245.1691589355 
0.3942399919 0.4167680144 0.4024319947 0.4997119904 1.2042239904 2.0326399803 3.9342079163 11.6869115829 10.8134403229 20.1492481232 61.9141120911 38.5863685608 86.0170211792 113.9793930054 134.0784606934 160.5703735352 72.3179550171 157.1768341064 119.1884765625 273.0700683594 146.6849212646 214.6580505371 246.8782043457 273.1530151367 190.0115203857 
0.4065279961 0.4014079869 1.3834240437 0.5007359982 1.2462079525 2.1463038921 4.2076158524 8.1377277374 14.0288000107 23.4905605316 51.0924797058 40.9190406799 50.2814712524 151.7629394531 42.8840942383 190.4087066650 84.9489898682 214.6714630127 134.0405731201 151.5601959229 185.9051513672 216.3968048096 169.7802276611 275.2102355957 224.8007659912 
0.3727360070 0.3788799942 0.3727360070 0.4894720018 1.2881920338 2.4432640076 4.3335680962 8.8698883057 10.9475841522 23.4321918488 60.6494712830 40.1858558655 108.8327713013 173.3765106201 62.8264961243 86.3313903809 192.4444732666 106.8646392822 214.5505218506 148.3253784180 156.1210937500 188.7211456299 217.1105346680 250.5594940186 295.6482543945 
0.3952639997 0.3932160139 0.4382719994 0.5007359982 1.4499839544 2.8334081173 5.0698242188 9.9911680222 12.9187841415 20.5260791779 74.7130889893 37.8327026367 56.1530876160 167.7649993896 72.3578872681 97.8196487427 182.3477783203 241.2474517822 134.2967376709 148.9275817871 183.9370269775 301.4225769043 287.1849060059 258.7484130859 184.2810821533 
0.3696640134 0.3819519877 0.3973119855 0.5068799853 1.4192639589 7.7649922371 4.5660161972 8.6753282547 11.4503679276 23.8766078949 48.2467842102 40.9661445618 107.1687698364 158.8858947754 170.0229187012 77.6816635132 148.1789398193 244.7431640625 130.8006439209 141.0109405518 292.0099792480 206.6708526611 235.8681640625 249.9727325439 162.0705261230 
0.4454399943 0.4546560049 0.4259839952 0.5621759892 1.7663999796 3.2686080933 6.0354242325 12.0422401428 15.0661115646 25.2334079742 76.2900466919 48.2877426147 63.3364486694 182.5116119385 84.7943649292 123.4237442017 175.5095062256 140.2583007812 164.3202514648 270.8975219727 202.9496307373 243.6945953369 214.4716796875 234.8179168701 257.3334960938 
0.4075520039 0.4638719857 0.4433920085 0.5079039931 1.7909760475 4.1830401421 9.7628164291 12.4569597244 15.8883838654 30.0154876709 85.3114852905 48.6318092346 62.4680976868 84.8322525024 248.9344024658 61.7635841370 161.4325714111 266.9374389648 167.6052551270 222.0391387939 206.5510406494 272.1464233398 282.2430725098 306.7506408691 268.4897460938 
0.4577279985 0.4300799966 0.4648959935 0.5519359708 2.0592639446 9.0378236771 6.7051520348 17.1509761810 17.1294727325 31.0671367645 78.5756149292 52.3898887634 70.2771224976 95.9918060303 204.9699859619 65.4745635986 196.4154815674 101.4507522583 231.2642517090 209.9978179932 296.8883056641 225.8486022949 179.7930603027 167.5601959229 183.2151031494 
0.4137279987 0.4413439929 0.4126720130 0.5611519814 1.9517439604 3.4478080273 6.6775040627 13.2208642960 16.8959999084 28.0719356537 91.2148513794 52.4492797852 71.3041915894 167.8663635254 76.1354217529 131.1446990967 234.2942657471 151.7189178467 178.5651245117 200.3435516357 219.3031616211 244.2567749023 236.7324218750 162.2714538574 302.9002380371 
0.4833280146 0.8304640055 0.4587520063 0.5642240047 4.0335359573 7.8325757980 8.0015363693 19.0423030853 23.2171516418 35.4877433777 96.8243179321 64.1597442627 73.6962585449 103.4577941895 132.4062652588 171.3449859619 156.1835479736 182.5505218506 221.4819793701 209.8984985352 221.3396453857 281.4404907227 262.8679809570 191.5084838867 278.2485961914 
0.4628480077 0.4485119879 0.4433920085 0.5642240047 2.3244800568 4.3888640404 7.9994878769 20.0017929077 23.9831047058 36.5701103210 94.7896347046 67.3361892700 177.4428100586 21.6104965210 124.8307189941 152.8616943359 86.7164764404 264.1428527832 217.9747772217 188.6304016113 176.8652801514 208.5779266357 173.9532165527 205.1358795166 326.1450195312 
0.4659200013 0.4618239999 0.4751360118 0.6430720091 4.1994237900 4.7616000175 8.9948158264 17.5912952423 25.5918083191 40.1797103882 109.8567657471 66.6327056885 85.9443206787 31.0722560883 143.7859802246 165.3452758789 200.6763458252 198.2556152344 143.3047027588 178.6060791016 257.2103576660 272.4691772461 222.7056579590 284.8739624023 284.1395263672 
0.4874239862 0.6000639796 0.4761599898 0.6144000292 2.0869119167 3.7939200401 10.1222400665 14.0165119171 17.6660480499 33.0045433044 85.3237762451 56.9743347168 64.8161315918 94.8469772339 173.6611785889 157.1450805664 129.8443450928 187.6757507324 174.2532501221 156.3311004639 196.3818206787 294.0733337402 285.3724060059 295.6801452637 214.4512939453 
0.5560320020 0.5570560098 0.6154239774 0.8407040238 3.1129601002 5.9801602364 10.8431358337 21.7661437988 31.2831993103 53.2736015320 67.8676452637 86.4686050415 110.4774398804 36.7769584656 166.4102325439 119.8602218628 200.1674194336 257.4039001465 227.1426544189 256.3840332031 222.3475799561 180.1453399658 318.8541564941 334.2428283691 245.5889892578 
0.6092799902 0.5345280170 0.5447679758 0.7526400089 3.5235838890 9.3173761368 11.2302083969 25.7075195312 28.1251831055 52.5383682251 59.3223686218 85.9351043701 120.4490203857 152.2472991943 180.6888885498 212.9645080566 218.9212188721 236.8542785645 204.1784362793 255.5330505371 233.4485168457 243.9946289062 194.3912048340 273.2124023438 321.3322143555 
0.5458239913 0.5314559937 0.5592640042 0.7096319795 3.1969280243 5.3299198151 15.7593603134 27.7329921722 31.6313591003 53.7292785645 67.7068786621 107.0776290894 134.1757507324 167.1710662842 186.8103637695 92.2123870850 249.5764465332 202.4225006104 283.7331237793 291.6239318848 261.0964355469 228.5793304443 188.0688629150 296.3783569336 262.5843200684 
0.5683519840 0.5222399831 0.5478399992 1.5431679487 1.8677760363 3.3802559376 11.5844802856 23.0993270874 32.6359024048 50.5384941101 61.5884819031 89.7443847656 98.2672348022 156.5880279541 79.5412445068 229.1640319824 236.6167297363 273.4530639648 209.2021789551 224.8919982910 182.6631622314 297.5600585938 321.8616333008 255.9692840576 224.1956481934 
0.6123520136 0.6205440164 0.6430720091 0.8632320166 7.8387198448 7.3768959045 17.6179199219 27.6674556732 34.6050567627 74.2492141724 76.4190750122 116.0058898926 37.9709434509 185.9328002930 90.9885406494 240.8038330078 140.9382324219 237.8854370117 320.3194885254 271.8627929688 274.7535400391 183.7027587891 339.2593994141 247.4936370850 260.6131286621 
0.7946239710 0.5877760053 0.5888000131 0.8161280155 3.9229440689 7.1208958626 14.1568002701 31.4009609222 43.1144943237 61.5854072571 73.4248962402 107.5773468018 42.0812797546 173.7113647461 197.4479370117 160.0237426758 274.7926940918 296.9979553223 265.4371948242 288.5539855957 197.3893127441 289.4807128906 213.3026580811 261.5285644531 283.5281982422 
0.6205440164 0.6666240096 0.5826560259 0.8048639894 4.3079681396 8.1459197998 18.9306888580 30.8254718781 42.5697288513 68.1861114502 79.2791061401 126.6524124146 28.5163516998 126.0298233032 98.5733108521 198.5003509521 181.3935394287 261.2541503906 193.7571868896 269.8434448242 204.8720245361 207.0200347900 246.4645080566 287.0487670898 210.3441619873 
0.5457919836 0.5642240047 0.6123520136 0.8499199748 7.5253758430 6.7727360725 12.8184318542 28.6945285797 35.0832633972 54.3211517334 71.7680664062 101.8685455322 98.3992309570 42.5390090942 188.4856262207 162.6829376221 264.0312194824 206.3032379150 276.4544067383 192.0086059570 270.8449401855 202.4132843018 225.9199981689 262.9519348145 342.6109313965 
0.6481919885 0.6789119840 0.6481919885 0.9379839897 4.9049601555 12.2787837982 17.2021751404 34.1442565918 46.3841285706 71.3687057495 92.8163833618 132.2199096680 31.0824966431 215.5007934570 226.2939453125 103.8612823486 324.2086486816 236.4385223389 305.7479553223 293.5930786133 257.8944091797 268.2869873047 316.0330200195 287.0681457520 264.3087463379 
0.6297600269 1.7889280319 0.6318079829 0.8990719914 4.6336002350 12.4467201233 17.3824005127 34.4832000732 46.7957458496 72.5114898682 92.1374740601 131.8338623047 31.3772792816 154.5799713135 91.7495346069 302.9462890625 221.6130523682 203.1053771973 307.1470642090 205.3550109863 288.9953308105 232.3230743408 296.2371215820 246.3375396729 215.2071380615 
0.6656000018 0.7230079770 0.7833600044 1.0168319941 8.5934076309 9.5477762222 22.4378871918 40.4910087585 46.8787193298 85.3852157593 99.5891189575 145.4868469238 27.8127994537 145.6906280518 100.6428146362 174.6046142578 186.9824066162 249.2733459473 270.5408020020 217.3849639893 261.3128051758 326.4677734375 304.3727416992 289.5401916504 365.5762634277 
0.6277120113 0.6369280219 0.6318079829 0.8736320138 2.3275520802 4.4718079567 8.6518716812 37.1455993652 50.6654701233 77.6847381592 96.7587814331 99.2820510864 38.2750701904 230.3262786865 223.9409637451 155.7073974609 185.2487640381 246.8536376953 298.4826965332 329.2541809082 281.7218933105 302.5643615723 202.5963592529 233.7013702393 281.8867187500 
0.7342079878 0.7495679855 0.7423999906 1.0506240129 11.5865602493 16.3082237244 23.6492805481 44.1907196045 54.6437110901 88.2247695923 109.0641937256 29.0139846802 211.7181396484 35.8584327698 201.3962249756 138.4510040283 307.6403198242 182.5853424072 314.9875793457 306.3746643066 202.2669067383 238.7312622070 255.6264343262 202.4519653320 358.2209472656 
0.7198719978 0.7741439939 0.7086079717 1.0711040497 7.1936001778 10.9148159027 23.9441928864 44.3555831909 54.9437446594 87.8254089355 109.2198410034 36.1248016357 212.1011199951 40.9087982178 203.9490509033 116.6458892822 179.7765045166 225.2441558838 111.3446426392 227.0446472168 339.0505065918 313.6645202637 199.2161254883 309.7110900879 237.6908874512 
0.8488960266 2.2671360970 0.8212479949 1.1540479660 6.2812161446 11.5834884644 22.3385601044 51.1221771240 62.1895675659 94.4035873413 112.9246749878 162.4394226074 30.6012153625 183.9220428467 200.4490203857 144.2437133789 164.1136322021 183.3943023682 218.3875274658 329.5006713867 307.6126708984 306.6238098145 337.4223327637 318.2838745117 368.8980407715 
0.7567359805 0.7669759989 0.7618560195 1.2165119648 10.9240322113 9.7782077789 17.8606071472 38.8003845215 46.9288978577 77.3150711060 89.2026901245 130.7473907471 48.4557113647 203.7063751221 104.2923507690 162.2026214600 305.6998901367 208.4618225098 231.2458190918 198.3417663574 317.7904968262 230.0047302246 219.8845367432 348.2973327637 254.7804107666 
1.0833920240 1.0864640474 1.1089919806 1.6383999586 11.0766077042 17.7029113770 30.3667201996 56.3650550842 68.9285125732 108.8757781982 34.6644477844 148.1246795654 58.4867858887 166.6488342285 207.5095977783 276.4113769531 336.2119750977 215.8776245117 233.9976043701 232.7307128906 291.0792236328 376.4356994629 357.1476440430 294.3204040527 321.5677795410 
0.8120319843 0.8202239871 0.8181759715 1.3527040482 7.3062400818 17.0731525421 30.0297927856 55.5704307556 68.9643554688 109.1706848145 29.7492485046 189.4000701904 41.8744316101 96.1424026489 293.2295532227 217.5817871094 293.4733886719 308.4328918457 317.3038024902 298.6659851074 346.0662536621 334.2154235840 383.4644470215 248.0179595947 383.8740539551 
0.7946239710 0.8151040077 0.8058879972 1.1724799871 4.4154877663 6.2760958672 12.6556158066 63.1552009583 76.9525756836 120.9907226562 146.5559082031 31.9723510742 119.7240295410 257.6435241699 195.6878051758 237.5475158691 303.8156738281 328.2206726074 247.3625640869 296.5125122070 330.7304992676 358.0519104004 270.3370361328 350.7015686035 280.1111145020 
0.8509439826 0.8510720134 0.8532480001 1.2533760071 4.6960639954 6.7338237762 13.0263042450 61.1287040710 71.7506561279 108.9105911255 27.5947513580 122.5699234009 57.7495346069 271.7280273438 153.0900421143 248.5404815674 265.4904174805 236.2255401611 233.0664978027 286.7097473145 344.4684753418 346.1201782227 307.0924682617 308.4779663086 257.4727172852 
0.8663039804 0.9164800048 0.8326079845 1.2175999880 3.3157119751 6.3960638046 12.8757762909 68.0478744507 82.4248352051 127.3763809204 34.3173103333 246.6836547852 43.7903022766 230.7665863037 255.7872619629 221.4420471191 221.9622344971 222.9227447510 273.4100341797 252.8133087158 251.9204101562 344.8903808594 329.0880126953 287.8393249512 259.6607971191 
0.8970239758 0.9074559808 0.8949760199 1.3314559460 3.8072319031 8.0537595749 35.0105590820 65.8616333008 80.3266525269 130.1811218262 22.7645435333 55.4199028015 280.2821044922 112.4085769653 269.0559997559 224.6340789795 312.2866210938 346.5195617676 219.6224060059 347.5138549805 302.7722167969 337.9855346680 368.1607666016 280.4142150879 397.4860839844 
