1.0000000000 8.0000000000 32.0000000000 128.0000000000 512.0000000000 1024.0000000000 2048.0000000000 4096.0000000000 5120.0000000000 8192.0000000000 10240.0000000000 15360.0000000000 20480.0000000000 25600.0000000000 30720.0000000000 35840.0000000000 40960.0000000000 46080.0000000000 51240.0000000000 56320.0000000000 61440.0000000000 66560.0000000000 71680.0000000000 76800.0000000000 81920.0000000000 
0.0143360002 0.0143360002 0.0143360002 0.0452160016 0.1474560052 0.2804799974 0.5560320020 1.1049599648 2.0869760513 2.2105278969 3.5380480289 4.4462080002 5.4794239998 6.8442239761 8.2247676849 10.3999042511 11.8006401062 12.8266239166 14.4353275299 15.9201278687 17.0393600464 18.4381446838 20.8199672699 18.5487365723 19.4785919189 
0.0184320007 0.0174080003 0.0174080003 0.0593920015 0.1935040057 0.3758080006 0.7434239984 1.4796799421 1.8484799862 2.9429759979 3.6771841049 5.5242238045 7.9513602257 9.8067522049 11.0100479126 13.5413761139 15.2688636780 16.4413433075 19.1631355286 20.7771511078 22.6007041931 24.4493122101 26.4335365295 28.6832637787 30.4379844666 
0.0225280002 0.0225280002 0.0225280002 0.0780799985 0.2611199915 0.5027840137 1.0045440197 2.0018239021 2.5077760220 4.0133118629 5.4764480591 8.0894718170 10.4120321274 13.0365438461 15.8075199127 18.0338554382 20.5793285370 23.2601604462 25.7829437256 28.7489280701 30.7609596252 33.6955528259 36.1871376038 38.8321266174 41.6890869141 
0.0268159993 0.0277440008 0.0266239997 0.0963200033 0.3297280073 0.6615039706 1.2613439560 2.5262079239 3.5799040794 5.0411839485 6.2915201187 9.4319677353 13.1215362549 16.3604488373 19.3344631195 22.5034236908 26.3741436005 28.7812480927 32.5231361389 36.3960304260 38.8024330139 42.2985610962 45.8496017456 49.0341453552 52.1482238770 
0.0327679999 0.0317439996 0.0317439996 0.1168000028 0.3983359933 0.7567039728 2.0817599297 3.0812160969 3.8125760555 6.6782717705 8.0301761627 11.9559364319 15.8146562576 19.8959350586 23.2576961517 27.2599048615 31.4142723083 35.9855346680 38.8884811401 43.0325431824 47.3739852905 51.3759689331 54.8016014099 59.1954574585 62.2363204956 
0.0371840000 0.0368640013 0.0372160003 0.1354880035 0.4648959935 0.8837119937 1.7787840366 3.5668160915 5.0176000595 7.5363521576 9.4873600006 13.8117437363 18.4319038391 22.9027843475 27.3920001984 32.2160644531 36.8240966797 41.1115531921 46.0073928833 51.1465911865 55.1260147095 59.3840332031 63.7921295166 68.8547821045 73.2397155762 
0.0419839993 0.0420159996 0.0440320000 0.1556479931 0.5335040092 1.0095360279 2.0877439976 4.6929922104 5.1179518700 8.1799039841 10.6403837204 15.9528961182 21.5950717926 25.9809284210 31.8576641083 36.9704971313 41.8665618896 47.3663673401 52.1813125610 57.2456970215 62.9985275269 67.8453140259 73.1650848389 77.3273620605 82.6262054443 
0.0460800007 0.0460800007 0.0473599993 0.1740799993 0.6032320261 1.5247360468 2.2927360535 4.6141438484 5.7743358612 9.2587842941 11.5699844360 17.9200000763 23.4711036682 29.8178558350 36.3509750366 41.5281600952 47.6370887756 53.0755538940 58.1549110413 65.1989440918 70.5617904663 77.0620193481 81.6383972168 88.2880935669 93.4536285400 
0.0522239991 0.0511999987 0.0523840003 0.1935359985 0.6699200273 1.2646399736 2.5559039116 5.1344637871 6.4288001060 10.3075838089 13.4451198578 19.6886711121 26.4736328125 33.0782394409 39.3142395020 46.5161590576 53.6317138672 59.1339836121 65.4315490723 72.1920013428 78.2120971680 84.6629409790 90.7537612915 97.8759689331 103.5722579956 
0.0563840009 0.0564480014 0.0614399984 0.2133439928 0.7366719842 1.4049279690 2.8146879673 6.4102401733 7.6469440460 12.0077123642 14.7640323639 21.6459197998 29.0795516968 36.3446083069 43.0714225769 51.0504951477 58.1058578491 64.8139190674 72.3261413574 78.2890243530 86.4474563599 94.2477416992 99.8820190430 107.3430099487 114.1855697632 
0.0614399984 0.0605119988 0.0618240014 0.2325119972 0.8048639894 1.5822720528 3.0804159641 6.5863680840 8.1408004761 13.1409921646 16.0522232056 23.6227512360 32.0457916260 39.6287994385 47.8136329651 55.4956817627 62.7814407349 71.0973434448 78.1649627686 86.5872955322 94.0746536255 102.7297286987 109.3863677979 116.9582061768 125.1880950928 
0.0655359998 0.0665600002 0.0665600002 0.2529279888 0.8745599985 2.2150399685 3.3300480843 6.7164158821 8.6168003082 14.0093441010 17.3578243256 25.9218559265 35.0126075745 42.5134086609 51.7465591431 59.6817932129 67.8460159302 76.4150390625 85.6299514771 93.7839965820 101.7415695190 110.1445770264 118.5505294800 126.9534683228 134.9233551025 
0.0709120035 0.0706560016 0.0716800019 0.6318079829 0.9420800209 1.7694720030 3.5930240154 7.6226558685 9.0620479584 15.2258558273 18.4965114594 28.3128318787 36.7268142700 45.9480628967 55.9482879639 64.2763824463 73.6510391235 82.8538894653 91.9572448730 100.2147827148 109.2093734741 118.2595825195 127.6999664307 136.7644805908 146.0858917236 
0.0761919990 0.0750079975 0.0757760033 0.2906880081 1.0106879473 1.9013119936 3.8464319706 7.7647042274 9.7188482285 16.1013431549 19.9793605804 30.3975353241 39.8796806335 49.2543983459 59.1391677856 69.5713577271 78.9193954468 88.0341415405 98.5376968384 108.7651824951 117.6419830322 126.7804183960 137.1932525635 147.2880706787 156.5704345703 
0.0808959976 0.0819199979 0.0800959989 0.3104639947 1.0786240101 2.0271360874 4.1069440842 8.2840318680 11.1144962311 16.9676151276 21.1014404297 32.0099525452 42.3485450745 52.1328010559 62.9444465637 72.8811492920 83.5193634033 93.8864669800 104.7244796753 115.3660125732 125.2833251953 136.0005187988 146.7289581299 156.7262725830 167.5568389893 
0.0860159993 0.0870399997 0.0849919990 0.3306559920 1.1461440325 2.1514239311 5.1036481857 9.1924476624 11.4050235748 18.7750396729 22.4122886658 33.7776641846 44.7539215088 55.9585266113 66.4208602905 78.3720626831 88.7398376465 100.4851531982 111.6090240479 123.0577926636 133.4837493896 144.9001007080 156.0687103271 166.8903045654 177.8369293213 
0.0901120007 0.0904320031 0.0911360011 0.3494400084 1.2134399414 2.2844159603 4.6313920021 9.3298883438 12.2395515442 19.0464000702 23.7056007385 36.1073608398 48.0807991028 58.6682243347 70.6989135742 82.3886413574 93.9663391113 105.6358413696 118.1511688232 129.3516845703 141.6982421875 153.3839416504 164.3297882080 176.7194824219 188.6911315918 
0.0962560028 0.0953280032 0.0952320024 0.3688319921 1.2810239792 2.4080960751 4.8916478157 9.8498563766 12.8973760605 20.1000957489 25.0159683228 38.2586898804 50.7143058777 63.0210571289 74.2871017456 87.3492507935 99.9288330078 112.2897567749 124.8820190430 136.5555267334 150.1623077393 161.9343414307 174.1926422119 186.8912658691 199.5213470459 
0.1013759971 0.1003519967 0.1013759971 0.3879359961 1.3513280153 2.5313279629 5.1489920616 10.7321596146 13.5464315414 21.1370887756 27.0446395874 40.0209922791 52.2257614136 65.7469406128 78.5837783813 91.5509109497 104.4203491211 118.1692123413 131.2512359619 144.1064910889 157.0179595947 170.5561218262 183.3441314697 196.6981048584 209.4161987305 
0.1054719985 0.1054719985 0.1044479981 0.4076159894 1.4182399511 2.6605439186 6.1583042145 10.8946561813 14.5466880798 22.5216007233 28.4341125488 41.6502418518 55.5619201660 68.8332443237 82.5013122559 96.9245758057 110.4332809448 124.0588150024 137.4026947021 151.6728363037 165.5841979980 178.8704681396 192.8724517822 206.1680603027 219.6849212646 
0.1096000001 0.1239679977 0.1092479974 0.4259839952 1.4836800098 2.7729918957 5.6268801689 12.0903682709 14.7589120865 23.8428153992 29.0182399750 43.6840629578 57.2520942688 71.8794860840 86.1502685547 100.7770538330 114.9268798828 129.1967620850 144.2846374512 157.7226257324 172.2603454590 187.3213500977 201.1473846436 215.4109191895 229.9218292236 
0.1150399968 0.1146880016 0.1146880016 0.4464640021 1.5503360033 2.8929920197 5.8839039803 12.4200963974 15.4019842148 24.1745910645 30.7691516876 45.4215698242 60.4446716309 75.5118103027 90.0542373657 105.3389434814 120.5022430420 135.4474487305 150.4519958496 165.2738952637 180.4359741211 195.7099456787 210.6347503662 225.5534057617 240.7332153320 
0.1198080033 0.1189119965 0.1203840002 0.4638719857 1.6188800335 3.0198080540 6.3138561249 12.7551679611 15.8729276657 25.2119045258 31.6228160858 47.4122238159 62.4680976868 78.4044189453 93.9839019775 109.9152984619 125.1450881958 141.3056640625 156.6177215576 173.1754608154 188.2716217041 204.1937561035 219.7667846680 235.7217559814 251.1623382568 
0.1249279976 0.1231999993 0.1246720031 0.4833280146 1.6873919964 3.1498239040 6.7839999199 13.2679681778 16.5189113617 25.8730888367 33.4858245850 48.9656639099 65.0763168335 82.0366363525 97.8708496094 114.1043167114 130.5681915283 147.9565734863 163.8795471191 179.6259765625 196.0791931152 212.3121948242 229.2520904541 245.8275909424 261.2377624512 
0.1290239990 0.1280640066 0.1296959966 0.5038080215 1.7547839880 3.2747519016 6.6539840698 13.9777603149 17.3506565094 27.4654083252 34.3959045410 51.2788467407 68.0478744507 84.9118728638 101.8112030029 119.0193634033 136.1561584473 153.0234832764 169.6880645752 187.1482849121 204.2562561035 221.5075836182 238.3860168457 255.2761993408 272.0656738281 
0.1341439933 0.1338559985 0.1331200004 0.5222399831 1.8227200508 3.4028480053 7.2900481224 14.3104000092 17.8165760040 29.1409912109 35.9298248291 52.8764152527 70.2760925293 87.8040313721 106.0620803833 123.9654388428 141.3693389893 158.9155578613 176.9175109863 194.6838989258 212.2762298584 230.0088348389 247.5303649902 264.6988830566 282.8164978027 
0.1385920048 0.1382399946 0.1383679956 0.5416960120 1.8903039694 3.5274879932 7.7220478058 14.9943675995 18.6357765198 29.5462722778 37.0811195374 55.3798408508 72.8872985840 92.1364517212 110.4578552246 129.5224304199 147.6945953369 166.7438354492 184.8555450439 203.3977355957 221.6180114746 240.4416046143 258.2393493652 277.6545410156 295.1078491211 
0.1443839967 0.1445119977 0.1433919966 0.5662080050 1.9716160297 3.6823039055 7.4809918404 15.0763835907 19.4331836700 31.2829113007 38.7798080444 57.5827827454 76.0606689453 95.7744979858 114.3908767700 133.7433624268 152.9455108643 171.9285125732 191.4235839844 210.4381408691 229.4678344727 250.5581512451 267.8045043945 287.1418762207 306.1574096680 
0.1505279988 0.1485760063 0.1497280002 0.5847039819 2.0417599678 4.5352320671 8.2913284302 16.1577281952 20.8150711060 32.4106254578 39.9165458679 59.5662727356 79.0525436401 98.6847991943 119.0728607178 138.7139892578 158.2181396484 178.2146606445 198.3539276123 217.4945220947 237.7162933350 257.4172973633 277.0145263672 297.0193786621 316.5006713867 
0.1546240002 0.1544640064 0.1546559930 0.6043840051 2.1086719036 3.9383039474 7.9984321594 16.6755523682 20.7390727997 32.9193611145 40.8618888855 61.3373756409 82.2179870605 101.9883499146 122.6371231079 143.3078765869 163.4456939697 184.3007659912 204.5767364502 225.4469146729 246.3623962402 266.4481201172 286.1882934570 307.6085510254 327.3881530762 
0.1597439945 0.1588799953 0.1590079963 0.6246399879 2.5497601032 4.0608959198 8.7379198074 17.6247043610 21.3944320679 34.1770248413 42.9004783630 63.5177917480 84.2915802002 106.0004806519 126.5735702515 147.9196777344 169.0695953369 190.3964233398 211.5819549561 233.1901702881 255.9170532227 274.8509216309 302.5285949707 318.0212402344 338.3244934082 
0.0000000000 0.0000000000 0.0000000000 0.0000000000 0.0000000000 0.0000000000 0.0000000000 0.0000000000 0.0000000000 0.0000000000 0.0000000000 0.0000000000 0.0000000000 0.0000000000 0.0000000000 0.0000000000 0.0000000000 0.0000000000 0.0000000000 0.0000000000 0.0000000000 0.0000000000 0.0000000000 0.0000000000 0.0000000000 
0.0000000000 0.0000000000 0.0000000000 0.0000000000 0.0000000000 0.0000000000 0.0000000000 0.0000000000 0.0000000000 0.0000000000 0.0000000000 0.0000000000 0.0000000000 0.0000000000 0.0000000000 0.0000000000 0.0000000000 0.0000000000 0.0000000000 0.0000000000 0.0000000000 0.0000000000 0.0000000000 0.0000000000 0.0000000000 
0.0000000000 0.0000000000 0.0000000000 0.0000000000 0.0000000000 0.0000000000 0.0000000000 0.0000000000 0.0000000000 0.0000000000 0.0000000000 0.0000000000 0.0000000000 0.0000000000 0.0000000000 0.0000000000 0.0000000000 0.0000000000 0.0000000000 0.0000000000 0.0000000000 0.0000000000 0.0000000000 0.0000000000 0.0000000000 
0.0000000000 0.0000000000 0.0000000000 0.0000000000 0.0000000000 0.0000000000 0.0000000000 0.0000000000 0.0000000000 0.0000000000 0.0000000000 0.0000000000 0.0000000000 0.0000000000 0.0000000000 0.0000000000 0.0000000000 0.0000000000 0.0000000000 0.0000000000 0.0000000000 0.0000000000 0.0000000000 0.0000000000 0.0000000000 
0.0000000000 0.0000000000 0.0000000000 0.0000000000 0.0000000000 0.0000000000 0.0000000000 0.0000000000 0.0000000000 0.0000000000 0.0000000000 0.0000000000 0.0000000000 0.0000000000 0.0000000000 0.0000000000 0.0000000000 0.0000000000 0.0000000000 0.0000000000 0.0000000000 0.0000000000 0.0000000000 0.0000000000 0.0000000000 
0.0000000000 0.0000000000 0.0000000000 0.0000000000 0.0000000000 0.0000000000 0.0000000000 0.0000000000 0.0000000000 0.0000000000 0.0000000000 0.0000000000 0.0000000000 0.0000000000 0.0000000000 0.0000000000 0.0000000000 0.0000000000 0.0000000000 0.0000000000 0.0000000000 0.0000000000 0.0000000000 0.0000000000 0.0000000000 
0.0000000000 0.0000000000 0.0000000000 0.0000000000 0.0000000000 0.0000000000 0.0000000000 0.0000000000 0.0000000000 0.0000000000 0.0000000000 0.0000000000 0.0000000000 0.0000000000 0.0000000000 0.0000000000 0.0000000000 0.0000000000 0.0000000000 0.0000000000 0.0000000000 0.0000000000 0.0000000000 0.0000000000 0.0000000000 
0.0000000000 0.0000000000 0.0000000000 0.0000000000 0.0000000000 0.0000000000 0.0000000000 0.0000000000 0.0000000000 0.0000000000 0.0000000000 0.0000000000 0.0000000000 0.0000000000 0.0000000000 0.0000000000 0.0000000000 0.0000000000 0.0000000000 0.0000000000 0.0000000000 0.0000000000 0.0000000000 0.0000000000 0.0000000000 
0.0000000000 0.0000000000 0.0000000000 0.0000000000 0.0000000000 0.0000000000 0.0000000000 0.0000000000 0.0000000000 0.0000000000 0.0000000000 0.0000000000 0.0000000000 0.0000000000 0.0000000000 0.0000000000 0.0000000000 0.0000000000 0.0000000000 0.0000000000 0.0000000000 0.0000000000 0.0000000000 0.0000000000 0.0000000000 
0.0000000000 0.0000000000 0.0000000000 0.0000000000 0.0000000000 0.0000000000 0.0000000000 0.0000000000 0.0000000000 0.0000000000 0.0000000000 0.0000000000 0.0000000000 0.0000000000 0.0000000000 0.0000000000 0.0000000000 0.0000000000 0.0000000000 0.0000000000 0.0000000000 0.0000000000 0.0000000000 0.0000000000 0.0000000000 
0.0000000000 0.0000000000 0.0000000000 0.0000000000 0.0000000000 0.0000000000 0.0000000000 0.0000000000 0.0000000000 0.0000000000 0.0000000000 0.0000000000 0.0000000000 0.0000000000 0.0000000000 0.0000000000 0.0000000000 0.0000000000 0.0000000000 0.0000000000 0.0000000000 0.0000000000 0.0000000000 0.0000000000 0.0000000000 
0.0000000000 0.0000000000 0.0000000000 0.0000000000 0.0000000000 0.0000000000 0.0000000000 0.0000000000 0.0000000000 0.0000000000 0.0000000000 0.0000000000 0.0000000000 0.0000000000 0.0000000000 0.0000000000 0.0000000000 0.0000000000 0.0000000000 0.0000000000 0.0000000000 0.0000000000 0.0000000000 0.0000000000 0.0000000000 
0.0000000000 0.0000000000 0.0000000000 0.0000000000 0.0000000000 0.0000000000 0.0000000000 0.0000000000 0.0000000000 0.0000000000 0.0000000000 0.0000000000 0.0000000000 0.0000000000 0.0000000000 0.0000000000 0.0000000000 0.0000000000 0.0000000000 0.0000000000 0.0000000000 0.0000000000 0.0000000000 0.0000000000 0.0000000000 
0.0000000000 0.0000000000 0.0000000000 0.0000000000 0.0000000000 0.0000000000 0.0000000000 0.0000000000 0.0000000000 0.0000000000 0.0000000000 0.0000000000 0.0000000000 0.0000000000 0.0000000000 0.0000000000 0.0000000000 0.0000000000 0.0000000000 0.0000000000 0.0000000000 0.0000000000 0.0000000000 0.0000000000 0.0000000000 
0.0000000000 0.0000000000 0.0000000000 0.0000000000 0.0000000000 0.0000000000 0.0000000000 0.0000000000 0.0000000000 0.0000000000 0.0000000000 0.0000000000 0.0000000000 0.0000000000 0.0000000000 0.0000000000 0.0000000000 0.0000000000 0.0000000000 0.0000000000 0.0000000000 0.0000000000 0.0000000000 0.0000000000 0.0000000000 
0.0000000000 0.0000000000 0.0000000000 0.0000000000 0.0000000000 0.0000000000 0.0000000000 0.0000000000 0.0000000000 0.0000000000 0.0000000000 0.0000000000 0.0000000000 0.0000000000 0.0000000000 0.0000000000 0.0000000000 0.0000000000 0.0000000000 0.0000000000 0.0000000000 0.0000000000 0.0000000000 0.0000000000 0.0000000000 
0.0000000000 0.0000000000 0.0000000000 0.0000000000 0.0000000000 0.0000000000 0.0000000000 0.0000000000 0.0000000000 0.0000000000 0.0000000000 0.0000000000 0.0000000000 0.0000000000 0.0000000000 0.0000000000 0.0000000000 0.0000000000 0.0000000000 0.0000000000 0.0000000000 0.0000000000 0.0000000000 0.0000000000 0.0000000000 
0.0000000000 0.0000000000 0.0000000000 0.0000000000 0.0000000000 0.0000000000 0.0000000000 0.0000000000 0.0000000000 0.0000000000 0.0000000000 0.0000000000 0.0000000000 0.0000000000 0.0000000000 0.0000000000 0.0000000000 0.0000000000 0.0000000000 0.0000000000 0.0000000000 0.0000000000 0.0000000000 0.0000000000 0.0000000000 
0.0000000000 0.0000000000 0.0000000000 0.0000000000 0.0000000000 0.0000000000 0.0000000000 0.0000000000 0.0000000000 0.0000000000 0.0000000000 0.0000000000 0.0000000000 0.0000000000 0.0000000000 0.0000000000 0.0000000000 0.0000000000 0.0000000000 0.0000000000 0.0000000000 0.0000000000 0.0000000000 0.0000000000 0.0000000000 
0.0000000000 0.0000000000 0.0000000000 0.0000000000 0.0000000000 0.0000000000 0.0000000000 0.0000000000 0.0000000000 0.0000000000 0.0000000000 0.0000000000 0.0000000000 0.0000000000 0.0000000000 0.0000000000 0.0000000000 0.0000000000 0.0000000000 0.0000000000 0.0000000000 0.0000000000 0.0000000000 0.0000000000 0.0000000000 
0.0000000000 0.0000000000 0.0000000000 0.0000000000 0.0000000000 0.0000000000 0.0000000000 0.0000000000 0.0000000000 0.0000000000 0.0000000000 0.0000000000 0.0000000000 0.0000000000 0.0000000000 0.0000000000 0.0000000000 0.0000000000 0.0000000000 0.0000000000 0.0000000000 0.0000000000 0.0000000000 0.0000000000 0.0000000000 
0.0000000000 0.0000000000 0.0000000000 0.0000000000 0.0000000000 0.0000000000 0.0000000000 0.0000000000 0.0000000000 0.0000000000 0.0000000000 0.0000000000 0.0000000000 0.0000000000 0.0000000000 0.0000000000 0.0000000000 0.0000000000 0.0000000000 0.0000000000 0.0000000000 0.0000000000 0.0000000000 0.0000000000 0.0000000000 
0.0000000000 0.0000000000 0.0000000000 0.0000000000 0.0000000000 0.0000000000 0.0000000000 0.0000000000 0.0000000000 0.0000000000 0.0000000000 0.0000000000 0.0000000000 0.0000000000 0.0000000000 0.0000000000 0.0000000000 0.0000000000 0.0000000000 0.0000000000 0.0000000000 0.0000000000 0.0000000000 0.0000000000 0.0000000000 
0.0000000000 0.0000000000 0.0000000000 0.0000000000 0.0000000000 0.0000000000 0.0000000000 0.0000000000 0.0000000000 0.0000000000 0.0000000000 0.0000000000 0.0000000000 0.0000000000 0.0000000000 0.0000000000 0.0000000000 0.0000000000 0.0000000000 0.0000000000 0.0000000000 0.0000000000 0.0000000000 0.0000000000 0.0000000000 
0.0000000000 0.0000000000 0.0000000000 0.0000000000 0.0000000000 0.0000000000 0.0000000000 0.0000000000 0.0000000000 0.0000000000 0.0000000000 0.0000000000 0.0000000000 0.0000000000 0.0000000000 0.0000000000 0.0000000000 0.0000000000 0.0000000000 0.0000000000 0.0000000000 0.0000000000 0.0000000000 0.0000000000 0.0000000000 
0.0000000000 0.0000000000 0.0000000000 0.0000000000 0.0000000000 0.0000000000 0.0000000000 0.0000000000 0.0000000000 0.0000000000 0.0000000000 0.0000000000 0.0000000000 0.0000000000 0.0000000000 0.0000000000 0.0000000000 0.0000000000 0.0000000000 0.0000000000 0.0000000000 0.0000000000 0.0000000000 0.0000000000 0.0000000000 
0.0000000000 0.0000000000 0.0000000000 0.0000000000 0.0000000000 0.0000000000 0.0000000000 0.0000000000 0.0000000000 0.0000000000 0.0000000000 0.0000000000 0.0000000000 0.0000000000 0.0000000000 0.0000000000 0.0000000000 0.0000000000 0.0000000000 0.0000000000 0.0000000000 0.0000000000 0.0000000000 0.0000000000 0.0000000000 
0.0000000000 0.0000000000 0.0000000000 0.0000000000 0.0000000000 0.0000000000 0.0000000000 0.0000000000 0.0000000000 0.0000000000 0.0000000000 0.0000000000 0.0000000000 0.0000000000 0.0000000000 0.0000000000 0.0000000000 0.0000000000 0.0000000000 0.0000000000 0.0000000000 0.0000000000 0.0000000000 0.0000000000 0.0000000000 
0.0000000000 0.0000000000 0.0000000000 0.0000000000 0.0000000000 0.0000000000 0.0000000000 0.0000000000 0.0000000000 0.0000000000 0.0000000000 0.0000000000 0.0000000000 0.0000000000 0.0000000000 0.0000000000 0.0000000000 0.0000000000 0.0000000000 0.0000000000 0.0000000000 0.0000000000 0.0000000000 0.0000000000 0.0000000000 
0.0000000000 0.0000000000 0.0000000000 0.0000000000 0.0000000000 0.0000000000 0.0000000000 0.0000000000 0.0000000000 0.0000000000 0.0000000000 0.0000000000 0.0000000000 0.0000000000 0.0000000000 0.0000000000 0.0000000000 0.0000000000 0.0000000000 0.0000000000 0.0000000000 0.0000000000 0.0000000000 0.0000000000 0.0000000000 
0.0000000000 0.0000000000 0.0000000000 0.0000000000 0.0000000000 0.0000000000 0.0000000000 0.0000000000 0.0000000000 0.0000000000 0.0000000000 0.0000000000 0.0000000000 0.0000000000 0.0000000000 0.0000000000 0.0000000000 0.0000000000 0.0000000000 0.0000000000 0.0000000000 0.0000000000 0.0000000000 0.0000000000 0.0000000000 
0.0000000000 0.0000000000 0.0000000000 0.0000000000 0.0000000000 0.0000000000 0.0000000000 0.0000000000 0.0000000000 0.0000000000 0.0000000000 0.0000000000 0.0000000000 0.0000000000 0.0000000000 0.0000000000 0.0000000000 0.0000000000 0.0000000000 0.0000000000 0.0000000000 0.0000000000 0.0000000000 0.0000000000 0.0000000000 
0.0000000000 0.0000000000 0.0000000000 0.0000000000 0.0000000000 0.0000000000 0.0000000000 0.0000000000 0.0000000000 0.0000000000 0.0000000000 0.0000000000 0.0000000000 0.0000000000 0.0000000000 0.0000000000 0.0000000000 0.0000000000 0.0000000000 0.0000000000 0.0000000000 0.0000000000 0.0000000000 0.0000000000 0.0000000000 
0.0000000000 0.0000000000 0.0000000000 0.0000000000 0.0000000000 0.0000000000 0.0000000000 0.0000000000 0.0000000000 0.0000000000 0.0000000000 0.0000000000 0.0000000000 0.0000000000 0.0000000000 0.0000000000 0.0000000000 0.0000000000 0.0000000000 0.0000000000 0.0000000000 0.0000000000 0.0000000000 0.0000000000 0.0000000000 
0.0000000000 0.0000000000 0.0000000000 0.0000000000 0.0000000000 0.0000000000 0.0000000000 0.0000000000 0.0000000000 0.0000000000 0.0000000000 0.0000000000 0.0000000000 0.0000000000 0.0000000000 0.0000000000 0.0000000000 0.0000000000 0.0000000000 0.0000000000 0.0000000000 0.0000000000 0.0000000000 0.0000000000 0.0000000000 
0.0000000000 0.0000000000 0.0000000000 0.0000000000 0.0000000000 0.0000000000 0.0000000000 0.0000000000 0.0000000000 0.0000000000 0.0000000000 0.0000000000 0.0000000000 0.0000000000 0.0000000000 0.0000000000 0.0000000000 0.0000000000 0.0000000000 0.0000000000 0.0000000000 0.0000000000 0.0000000000 0.0000000000 0.0000000000 
0.0000000000 0.0000000000 0.0000000000 0.0000000000 0.0000000000 0.0000000000 0.0000000000 0.0000000000 0.0000000000 0.0000000000 0.0000000000 0.0000000000 0.0000000000 0.0000000000 0.0000000000 0.0000000000 0.0000000000 0.0000000000 0.0000000000 0.0000000000 0.0000000000 0.0000000000 0.0000000000 0.0000000000 0.0000000000 
0.0000000000 0.0000000000 0.0000000000 0.0000000000 0.0000000000 0.0000000000 0.0000000000 0.0000000000 0.0000000000 0.0000000000 0.0000000000 0.0000000000 0.0000000000 0.0000000000 0.0000000000 0.0000000000 0.0000000000 0.0000000000 0.0000000000 0.0000000000 0.0000000000 0.0000000000 0.0000000000 0.0000000000 0.0000000000 
