1.0000000000 8.0000000000 32.0000000000 128.0000000000 512.0000000000 1024.0000000000 2048.0000000000 4096.0000000000 5120.0000000000 8192.0000000000 10240.0000000000 15360.0000000000 20480.0000000000 25600.0000000000 30720.0000000000 35840.0000000000 40960.0000000000 46080.0000000000 51240.0000000000 56320.0000000000 61440.0000000000 66560.0000000000 71680.0000000000 76800.0000000000 81920.0000000000 
0.0278719999 0.0174080003 0.0174080003 0.0573440008 0.1914879978 0.3645440042 0.7237439752 1.4491519928 1.8202879429 2.9009919167 3.6249599457 5.4159359932 7.7813758850 9.8764801025 11.5261764526 13.2720956802 15.0632638931 16.6748161316 19.2195510864 20.7452163696 22.3272953033 20.8509445190 22.2742404938 24.2296009064 25.9409923553 
0.0225280002 0.0225280002 0.0235520005 0.0791359991 0.2652159929 0.5099520087 1.0106879473 2.0184319019 3.3218560219 4.0284161568 5.0391039848 7.5723519325 10.0389118195 13.3591041565 15.7171201706 18.3418884277 21.1537914276 23.4396152496 26.5277442932 28.7583351135 31.5770244598 33.7073287964 36.1666870117 38.9201927185 42.2143058777 
0.0317439996 0.0327679999 0.0310079996 0.1146880016 0.3894079924 0.7447040081 1.4919680357 3.7573120594 3.7396481037 5.9965758324 8.0904636383 11.6246404648 15.2729597092 19.2450561523 23.3484477997 27.1001605988 30.2796802521 34.7916488647 38.5302734375 42.2430725098 46.5109138489 50.3101425171 53.8224639893 57.3808631897 61.5065612793 
0.0430079997 0.0430079997 0.0430079997 0.1587200016 0.5400000215 1.0690560341 2.0663359165 4.5465598106 5.2172799110 8.2997436523 10.3662395477 16.3093128204 21.7343997955 27.1370239258 32.3039360046 37.1640319824 43.2329597473 48.2505264282 53.5173454285 58.4969902039 64.4226226807 69.2326736450 74.1724166870 80.0129241943 85.5500793457 
0.0546879992 0.0552960001 0.0552960001 0.2068479955 0.7197440267 1.3527040482 2.7332479954 6.1030402184 6.8864002228 11.3999357224 14.5140800476 21.6624965668 28.6525440216 35.5472335815 42.9862709045 49.7387504578 56.5705604553 63.8108787537 70.7785568237 77.4287338257 85.3827514648 91.5701751709 98.8097305298 105.7157135010 112.5683517456 
0.0696320012 0.0696320012 0.0696320012 0.2652159929 0.9205759764 1.7274880409 3.5013120174 7.6361598969 9.4046401978 14.7302398682 18.1954555511 26.8974075317 36.4124145508 46.1563835144 54.0968971252 63.1337928772 72.6179809570 80.9297943115 90.7489242554 99.4384994507 108.4999694824 117.0554885864 125.6284179688 135.0277099609 143.9774780273 
0.0860159993 0.0860159993 0.0860159993 0.3297280073 1.1427520514 2.1473278999 4.4463038445 8.7841281891 10.9905920029 18.1739521027 22.7665920258 34.1249618530 45.4396476746 56.4408302307 67.6421737671 78.8212509155 89.8152008057 101.2899856567 112.5581436157 123.5189743042 134.4460754395 146.0019226074 157.1635131836 168.2767639160 178.7686767578 
0.1044479981 0.1034239978 0.1034239978 0.4014079869 1.4000639915 2.6226561069 5.3217282295 10.7253761292 13.9970560074 22.2894077301 28.0422401428 41.9280319214 55.2075195312 68.9694747925 82.4873275757 95.5675506592 110.0905303955 122.9752349854 137.0963592529 149.9614105225 162.9664306641 177.3601226807 190.2786560059 204.4944915771 217.8631744385 
0.1232639998 0.1229439974 0.1231999993 0.4792320132 1.8556159735 3.1365120411 6.3723521233 13.2293119431 16.6809272766 26.3575992584 33.3902091980 49.2871665955 65.7159042358 82.2026214600 98.3285751343 114.6644515991 130.3439331055 147.5245513916 163.7716827393 179.7918701172 195.0749053955 211.9891510010 228.8177337646 244.4439697266 261.6319885254 
0.1443839967 0.1446720064 0.1576959938 0.5673919916 1.9756799936 3.7211201191 8.1305599213 15.8272323608 19.6241283417 31.6597442627 39.4730224609 59.1696319580 77.6376342773 96.9247970581 116.7536315918 135.8807067871 154.6537017822 173.5987243652 193.9981079102 212.9890289307 234.5215301514 254.0899810791 272.7001953125 291.7171325684 308.7581176758 
0.1682559997 0.1681279987 0.1681919992 0.6588159800 2.2998719215 4.4646401405 9.1484155655 18.4258556366 22.9009284973 36.5916175842 45.6437759399 67.9442596436 90.6780166626 112.7610855103 134.4798736572 161.4716491699 181.2500457764 202.6753540039 223.5808715820 246.6466827393 267.9777221680 290.1633300781 317.1420288086 337.8717346191 361.1207580566 
0.1945600063 0.1945600063 0.1938560009 0.7618560195 2.6562240124 5.3810877800 10.5336322784 20.9072322845 26.0679683685 42.1990394592 52.1203842163 78.3520965576 105.0807037354 130.6644439697 157.7277374268 182.4477386475 206.8875274658 233.3601531982 259.2952270508 286.6660461426 312.5053710938 338.5928649902 365.2362060547 389.0819396973 414.6032409668 
0.2201599926 0.2212799937 0.2211840004 0.8677440286 3.0291199684 5.6750078201 11.5484476089 23.7271041870 29.2534084320 47.1797752380 58.8757743835 88.4881896973 118.7514266968 148.0302429199 177.6250915527 206.6339874268 237.7070007324 265.8438110352 295.8684082031 324.2547607422 354.9398498535 384.0920410156 414.0115051270 445.8617248535 472.6920471191 
0.2481600046 0.2508800030 0.2508800030 0.9891840219 3.4457600117 6.4378881454 13.0962562561 26.9301757812 33.6230392456 53.5861129761 67.2471008301 101.3648300171 135.0297546387 167.7168579102 201.0736694336 236.3586578369 269.6777648926 304.8028259277 336.8395080566 368.4649047852 404.1492614746 438.2831726074 473.6408081055 505.1443176270 537.7750854492 
0.2786880136 0.2805759907 0.2805759907 1.1039680243 3.8624639511 7.2294402122 15.5298242569 30.0851516724 37.5850257874 59.8762550354 76.5173797607 112.3123168945 150.2052154541 189.3794250488 226.6685485840 264.6835327148 300.0831909180 338.6582946777 378.2359008789 415.6936340332 450.9422302246 489.3760375977 528.4310913086 564.3192138672 602.4415283203 
0.3123840094 0.3136959970 0.3133440018 1.2353279591 4.3431038857 8.0823678970 16.8785285950 34.4116172791 42.1806068420 67.6055679321 85.1363525391 126.9831390381 168.9214324951 211.4341735840 253.4912261963 296.0555114746 337.1622314453 380.5223999023 421.2261657715 462.5756225586 505.8097839355 546.0121459961 588.8573608398 630.6373291016 674.3011474609 
0.3461120129 0.3450880051 0.3450880051 1.3699519634 4.7863998413 9.2981758118 18.1790714264 36.6868476868 46.2960624695 74.4120330811 93.2784957886 140.5491180420 186.4036865234 233.2500457764 279.4281005859 325.6452331543 372.9326782227 418.6521606445 465.7633361816 514.1879882812 560.8670654297 604.9896240234 654.6545410156 702.2531127930 749.2952880859 
0.3829759955 0.3819519877 0.3809280097 1.5144959688 5.6606721878 9.8519039154 20.9788150787 41.4565773010 53.0957107544 82.4811553955 103.4465255737 155.9838714600 206.9616394043 259.0359802246 310.1110534668 363.7903137207 413.4277038574 466.3295898438 518.3038330078 569.3409423828 621.3334960938 676.7954101562 722.6491088867 779.6847534180 830.8602905273 
0.4190079868 0.4188160002 0.4177919924 1.6629760265 5.8215360641 10.8103675842 22.0484790802 44.4897270203 57.0982398987 90.4714202881 113.3373413086 169.2458496094 227.5072021484 284.8890991211 339.7489624023 395.4974670410 453.5572204590 510.6684570312 567.1382446289 623.0123291016 679.8051757812 736.0540161133 796.0543212891 850.0234375000 904.5874633789 
0.4597760141 0.4587520063 0.4587520063 1.8237440586 6.3764162064 12.2593278885 24.2759685516 49.7972793579 62.7671051025 99.1607666016 126.8439025879 187.1092529297 250.2151947021 313.2733764648 373.7989196777 434.8487548828 500.9957885742 564.3834228516 626.6461791992 689.1958618164 760.6484985352 813.5720825195 876.4960327148 939.4910888672 1001.2249145508 
0.5038080215 0.5171200037 0.5034559965 2.0090239048 7.5755519867 13.0178241730 27.5294075012 55.6843528748 67.9135055542 109.0539550781 136.8634948730 204.4607696533 271.7713012695 339.5850219727 408.3230590820 476.5621337891 544.4333496094 611.6252441406 681.1921386719 748.6630249023 816.5714111328 884.6438598633 952.9282836914 1021.0375976562 1088.5465087891 
0.5488640070 0.5478399992 0.5469440222 2.1780478954 7.6175360680 14.7455043793 30.1135673523 59.6191673279 75.3182754517 119.4815979004 148.9262084961 223.2399749756 296.6466674805 371.1506347656 452.0640258789 523.5159301758 596.0007324219 670.0676879883 744.8429565430 818.8281860352 895.7572631836 977.8633422852 1051.9517822266 1113.8446044922 1181.5054931641 
0.7680000067 0.5868800282 0.5867519975 2.3404800892 8.1756162643 16.2672634125 32.1138877869 64.2825622559 80.3082885742 128.7693176270 161.2038726807 241.0559387207 319.6549072266 398.6790466309 478.0071716309 564.5651245117 635.5353393555 712.8586425781 793.3267822266 875.0323486328 958.4455566406 1037.9858398438 1117.0989990234 1201.5379638672 1270.3977050781 
0.6352959871 0.6348800063 0.6351040006 2.5313920975 8.8473596573 16.8366088867 34.0213775635 68.9172515869 85.7774047852 137.5402526855 171.7922210693 258.5210876465 344.0075988770 430.5959472656 517.0018310547 603.7737426758 689.1233520508 776.7767333984 867.1057739258 970.1836547852 1038.9583740234 1135.6751708984 1213.2926025391 1297.8615722656 1380.9456787109 
0.6830080152 0.6871039867 0.6881279945 2.7199680805 9.9061756134 17.8503684998 36.7362861633 74.1263351440 92.9914855957 148.3202514648 185.2753601074 277.9319763184 370.3265380859 463.1091308594 555.8446044922 648.7542724609 740.9020996094 834.3746337891 927.3948364258 1019.2353515625 1116.5091552734 1213.3579101562 1296.9410400391 1390.1219482422 1482.5236816406 
0.7352319956 0.7385600209 0.7385920286 2.9255681038 10.2810239792 19.5829753876 39.5519981384 79.8218231201 99.7765121460 161.4602203369 199.6318054199 300.1507873535 399.2400817871 499.3525695801 598.8239135742 699.3663330078 799.5248413086 899.3200683594 1000.1243896484 1099.7943115234 1203.9385986328 1305.2620849609 1400.9293212891 1504.7556152344 1604.9418945312 
0.7854080200 0.7898240089 0.7905279994 3.1283199787 11.3305597305 20.5053119659 42.1324157715 84.6694412231 106.6465301514 171.0939788818 214.9765167236 319.8269348145 425.4645996094 535.4680175781 642.2650756836 751.1193847656 859.2453613281 963.4959106445 1069.6694335938 1179.3327636719 1278.9891357422 1405.0600585938 1508.1042480469 1606.7337646484 1718.8266601562 
0.8399999738 0.8396800160 0.8415679932 3.3495039940 11.7606401443 22.6771202087 44.9260482788 92.9350051880 113.3057250977 182.1047058105 227.7788085938 341.8931274414 456.9815063477 570.4771728516 684.8151245117 799.8547363281 914.2386474609 1026.3315429688 1145.5845947266 1261.2727050781 1373.7413330078 1486.2633056641 1598.0328369141 1716.1442871094 1828.1226806641 
0.8952000141 0.8946560025 0.8939840198 3.5655999184 12.5009918213 23.5968952179 47.7061119080 95.9211502075 121.0992660522 193.4172210693 242.1705627441 363.9292297363 484.2925720215 605.9285278320 727.4936523438 863.4643554688 982.1727294922 1113.2855224609 1232.8212890625 1354.4704589844 1484.0534667969 1594.5400390625 1718.1308593750 1845.1456298828 1961.7053222656 
0.9615359902 0.9598399997 0.9648000002 3.8452479839 13.4399995804 25.3674888611 51.3156166077 103.5651168823 129.8862152100 208.7636413574 263.2716369629 394.7109375000 524.8319702148 653.7963256836 787.6738891602 921.7526245117 1043.1474609375 1175.7078857422 1313.3299560547 1440.4753417969 1574.5145263672 1699.7510986328 1814.3731689453 1947.4050292969 2077.4902343750 
1.0137599707 1.0127359629 1.0143359900 4.0428481102 15.2944316864 26.2786235809 54.2843208313 108.7948837280 137.2989501953 220.9524841309 274.3920593262 413.5354309082 550.5466918945 685.1726684570 822.3845214844 960.1494140625 1124.9768066406 1245.7554931641 1375.4101562500 1514.0095214844 1647.8457031250 1789.5946044922 1926.2957763672 2061.8229980469 2199.8420410156 
1.0734720230 1.0811519623 1.0812159777 4.2824640274 15.4255361557 28.5194244385 57.7282867432 116.5107192993 146.0838470459 234.5460205078 295.3175048828 443.9193420410 586.7355957031 730.4181518555 880.4915161133 1024.1782226562 1180.3546142578 1315.9423828125 1463.2860107422 1608.6280517578 1755.9111328125 1900.7916259766 2056.9143066406 2200.1267089844 2344.7866210938 
1.1356159449 1.1437120438 1.1459840536 4.5332479477 16.4454402924 30.8830070496 61.8311691284 124.6087341309 155.1841278076 246.9713897705 309.3032836914 463.6026916504 617.3358154297 771.7490234375 926.6511230469 1081.4289550781 1235.4619140625 1389.4431152344 1545.6412353516 1702.9771728516 1854.8161621094 2006.5412597656 2156.3750000000 2310.9550781250 2471.5480957031 
1.2011519670 1.2004480362 1.5700479746 4.8127999306 17.8097286224 32.4463043213 64.6461410522 131.3914947510 162.7678375244 260.6828613281 326.3303527832 491.3972473145 653.9570922852 818.5233764648 979.8519897461 1142.9058837891 1306.2502441406 1476.5844726562 1635.5891113281 1800.9354248047 1968.6210937500 2140.1916503906 2349.9375000000 2542.3461914062 2696.9733886719 
1.2666879892 1.2851200104 1.2851200104 5.8143358231 18.3767681122 33.7092475891 68.9337615967 138.3454742432 172.6177215576 275.8860778809 345.3596496582 519.8069458008 690.3224487305 866.3756713867 1043.0034179688 1222.4450683594 1395.3905029297 1568.1710205078 1737.9013671875 1906.8825683594 2079.9519042969 2251.2670898438 2429.2719726562 2676.4655761719 2882.8444824219 
1.3469439745 1.3455359936 1.3525120020 5.3934078217 19.4447364807 36.3816947937 72.8629760742 147.1467590332 188.0780792236 294.2281188965 420.4472351074 556.3965454102 730.5289916992 907.5681152344 1090.3963623047 1275.1052246094 1453.4235839844 1643.8968505859 1831.3725585938 2015.1080322266 2198.9448242188 2381.4052734375 2559.9731445312 2733.5825195312 2920.8715820312 
1.4049279690 1.4141440392 1.4151680470 6.3440961838 19.6892471313 37.9618225098 76.6279678345 153.1494750977 192.9400329590 306.8876647949 383.0319824219 574.0089721680 765.8301391602 957.9936523438 1160.1776123047 1354.5206298828 1542.6334228516 1726.1875000000 1912.8105468750 2108.6645507812 2346.4150390625 2523.4289550781 2720.8117675781 2851.0515136719 3032.4345703125 
1.4768320322 1.4882240295 1.4880000353 5.8992638588 20.7431678772 38.7643203735 79.0128631592 159.4913330078 199.7229156494 319.5732116699 399.4523315430 601.3890380859 802.7299804688 1001.8682861328 1199.3928222656 1399.2337646484 1597.6827392578 1797.9361572266 1994.9273681641 2195.3840332031 2435.1826171875 2591.5781250000 2790.2075195312 3013.6381835938 3203.3139648438 
1.5503360033 1.5483520031 1.7458879948 6.1890559196 22.1198081970 40.2305908203 83.3430404663 170.7505950928 210.2384643555 335.3793945312 419.1777954102 629.3114624023 838.2515258789 1048.7869873047 1263.5268554688 1469.0908203125 1678.2515869141 1904.4659423828 2123.3603515625 2353.8684082031 2544.0666503906 2753.1520996094 2961.7890625000 3194.5151367188 3383.5507812500 
1.6394239664 1.6383999586 1.9947520494 6.5684800148 22.9778556824 42.6975364685 87.7383651733 177.0824279785 221.7482299805 356.5003967285 444.7664489746 668.0957641602 889.9785766602 1120.0355224609 1334.0139160156 1561.2847900391 1770.9885253906 1998.1329345703 2214.6791992188 2446.1169433594 2662.6601562500 2883.1169433594 3107.7980957031 3330.5671386719 3557.0849609375 
1.7031359673 1.7141760588 1.7151999474 6.8116478920 23.8622722626 44.5991668701 91.6039657593 184.9640960693 232.3107910156 371.2385864258 464.8243408203 695.6953735352 928.4434814453 1162.2736816406 1392.5529785156 1622.1375732422 1852.8349609375 2092.7111816406 2354.7514648438 2588.4323730469 2804.1745605469 3036.0832519531 3272.6530761719 3484.7285156250 3724.4182128906 
1.7838079929 1.7950719595 1.8030719757 7.3441281319 25.4247035980 47.8364486694 96.0819168091 194.8640594482 244.6510009766 391.0594482422 489.3288879395 732.9012451172 973.7564697266 1213.7768554688 1458.5600585938 1704.6446533203 1949.2277832031 2192.2128906250 2431.7194824219 2704.5590820312 2965.1362304688 3157.1008300781 3458.8535156250 3660.1433105469 3931.7626953125 
2.3316481113 1.8758399487 1.8742719889 7.9749121666 27.1851520538 49.6385917664 100.8231964111 204.1373138428 252.8750152588 411.3182678223 515.2778320312 773.4128417969 1017.8980102539 1272.2216796875 1533.3796386719 1781.3259277344 2033.9321289062 2289.9211425781 2545.9936523438 2802.4873046875 3060.5554199219 3321.0085449219 3547.2031250000 3799.6088867188 4079.2565917969 
1.9466240406 1.9459199905 1.9456000328 7.7711358070 27.6490230560 51.0668792725 104.0455703735 210.0155181885 267.2578735352 422.2941894531 528.2648925781 793.1585083008 1060.9951171875 1323.8023681641 1594.3925781250 1871.0825195312 2121.2915039062 2386.5527343750 2654.6853027344 2917.9094238281 3181.7663574219 3447.8830566406 3713.2226562500 3979.7412109375 4294.9140625000 
2.0296320915 2.0430719852 2.0437760353 8.1223678589 28.8371524811 53.8787841797 109.0550079346 220.6812133789 284.0639953613 452.1717224121 569.9254150391 851.4703979492 1104.3441162109 1390.9390869141 1668.3060302734 1933.8383789062 2224.3481445312 2498.1799316406 2768.9733886719 3082.1877441406 3332.9755859375 3596.3007812500 3902.5161132812 4140.6025390625 4405.2172851562 
2.1169281006 2.1165759563 2.1166079044 8.4531202316 30.0430393219 55.5008010864 113.1141128540 228.6581726074 286.2651672363 459.3968811035 574.6011962891 869.6378173828 1157.8786621094 1448.3967285156 1739.2568359375 2030.1188964844 2318.1630859375 2649.4299316406 2955.3273925781 3247.2287597656 3512.4291992188 3820.2531738281 4030.5366210938 4333.1552734375 4615.3193359375 
2.2038080692 2.2028799057 2.2029440403 8.7995843887 31.1716480255 58.6557121277 117.3647384644 237.2341461182 297.7105407715 478.5766906738 600.9292602539 898.4554443359 1195.7687988281 1497.3570556641 1807.4285888672 2103.7812500000 2403.9885253906 2712.7580566406 3011.8410644531 3315.4641113281 3604.0520019531 3915.0256347656 4212.7231445312 4521.4687500000 4808.4047851562 
2.2952001095 2.6305599213 2.3111679554 9.5951042175 32.9920310974 60.5807685852 123.7616653442 250.6260528564 313.1298522949 503.9123229980 628.5281982422 943.6701660156 1260.6671142578 1568.8499755859 1882.5205078125 2195.0429687500 2507.4074707031 2822.6672363281 3139.1877441406 3449.2622070312 3760.6215820312 4072.5483398438 4388.7934570312 4755.6513671875 5028.9921875000 
2.4023039341 2.4022400379 2.4033279419 9.7937602997 34.8476142883 64.9509429932 129.7100830078 259.5092468262 341.6186828613 534.7758178711 669.0266113281 992.6145019531 1302.9058837891 1635.0078125000 1982.5664062500 2285.4819335938 2633.3645019531 2925.9682617188 3245.7409667969 3596.1313476562 3918.3759765625 4261.9291992188 4545.1665039062 4902.9824218750 5211.1762695312 
2.4801280499 2.8293120861 2.4987521172 10.2942399979 35.5193595886 66.4593887329 135.5959320068 272.7352294922 338.7545471191 538.3670043945 679.3563842773 1015.2208862305 1353.3010253906 1705.7567138672 2032.6088867188 2371.0925292969 2712.1264648438 3052.9895019531 3388.1191406250 3735.7268066406 4062.3334960938 4393.6386718750 4734.4946289062 5095.9252929688 5407.9575195312 
2.5722880363 2.5733120441 2.5712640285 10.2809600830 36.3499526978 67.2174072266 138.1283264160 275.7649536133 346.9269104004 556.8832397461 697.5639038086 1047.7294921875 1403.2332763672 1741.6525878906 2095.7175292969 2443.1503906250 2791.9982910156 3169.4428710938 3528.0712890625 3874.1884765625 4230.8027343750 4568.0375976562 4890.6801757812 5438.3388671875 5596.1962890625 
2.6726400852 2.6798720360 2.6798079014 10.7075519562 38.2753906250 70.3628463745 142.9676513672 288.5222473145 359.0493469238 578.0912475586 724.2762451172 1087.6702880859 1444.7196044922 1808.4604492188 2168.2861328125 2530.7687988281 2933.6125488281 3301.3439941406 3695.1020507812 4022.2944335938 4374.5107421875 4741.3583984375 5166.6015625000 5472.2416992188 5851.0478515625 
2.7678720951 2.7678720951 2.7678720951 11.0592002869 38.7637748718 73.7811508179 159.3187561035 318.5018920898 371.0433349609 603.2742309570 746.2123413086 1140.1175537109 1504.9482421875 1887.8012695312 2261.7875976562 2682.6743164062 3014.9404296875 3377.7612304688 3761.0905761719 4134.8583984375 4508.2358398438 5138.6235351562 5351.7753906250 5795.3657226562 6151.0634765625 
2.8702719212 2.8704640865 2.8702719212 11.4677762985 40.2544631958 74.7898864746 152.4295654297 307.7037963867 385.3432922363 626.8579101562 834.9766235352 1177.0266113281 1628.6777343750 1972.4440917969 2355.7158203125 2818.4479980469 3232.0881347656 3593.1169433594 3982.8950195312 4301.2700195312 4673.7651367188 5042.4829101562 5447.0156250000 5920.1113281250 6233.1884765625 
2.9698879719 2.9695999622 2.9695999622 11.8681602478 41.5416336060 77.1687011719 160.3153991699 320.5301818848 400.4649047852 643.8560180664 810.0874633789 1210.6158447266 1608.0107421875 2007.0684814453 2403.1816406250 2822.7604980469 3198.3605957031 3598.8122558594 4048.7763671875 4454.3496093750 4940.9052734375 5236.1484375000 5632.2128906250 5991.9077148438 6377.4946289062 
3.0545918941 3.0853118896 3.0853760242 12.7190399170 44.6986236572 80.1423339844 163.3465881348 342.5689697266 449.4029541016 668.4320068359 836.8280029297 1241.1524658203 1665.3107910156 2081.8698730469 2543.1040039062 2919.1765136719 3353.6962890625 3800.4570312500 4180.6171875000 4618.0932617188 5091.9409179688 5503.6987304688 5860.7993164062 6246.1625976562 6690.5595703125 
3.1569919586 3.1795198917 3.1795198917 14.1571836472 45.1215362549 83.4508819580 169.7167358398 344.0967712402 426.3078918457 682.1119384766 852.6142578125 1280.0123291016 1705.0817871094 2151.4580078125 2614.1528320312 3021.5549316406 3449.1247558594 3877.9020996094 4313.8100585938 4733.8212890625 5138.2036132812 5607.1967773438 5979.8867187500 6438.5415039062 6903.5224609375 
3.2911360264 3.2962560654 3.3024001122 13.1880960464 46.1475830078 87.2468490601 181.6537322998 370.9409179688 458.4496459961 724.5426635742 908.6003417969 1398.1933593750 1830.4921875000 2269.9694824219 2718.5878906250 3176.3088378906 3624.7941894531 4089.4873046875 4846.0454101562 5019.2260742188 5479.6157226562 5806.0952148438 6310.9487304688 6738.7260742188 7401.3544921875 
3.4232320786 3.4471681118 4.0058879852 13.6970243454 48.7548789978 91.0602264404 188.5583648682 376.0319824219 469.0491333008 756.2822875977 939.1708374023 1406.3914794922 1877.1744384766 2319.5310058594 2844.1877441406 3312.2407226562 3785.1916503906 4259.7324218750 4665.2006835938 5132.2290039062 5562.5356445312 6016.4067382812 6554.1767578125 6973.5400390625 7398.9282226562 
3.5123200417 3.5174400806 3.5194880962 14.4128637314 49.6087989807 92.4087677002 188.6913604736 381.2608032227 477.2341003418 770.0876464844 948.8291625977 1424.2888183594 1907.8962402344 2397.6601562500 2881.5715332031 3451.1730957031 3817.4187011719 4300.7885742188 4786.8452148438 5309.6181640625 5706.8388671875 6203.1157226562 6753.6577148438 7204.5908203125 7782.4697265625 
3.8225920200 3.6762559414 3.6771841049 14.9811201096 52.6499824524 95.6589431763 194.9870147705 400.1283264160 502.7686767578 797.0775146484 1009.5769653320 1493.2285156250 1996.0882568359 2492.8378906250 2992.7126464844 3492.8200683594 3998.1599121094 4505.0102539062 5000.3686523438 5464.0058593750 5975.8437500000 6448.6245117188 6925.8452148438 7463.9682617188 7913.4350585938 
3.7766399384 3.7674560547 3.7672960758 15.0568962097 53.3454093933 98.1562271118 200.0585937500 403.8626098633 507.8043823242 828.1183471680 1026.3367919922 1547.7080078125 2070.0056152344 2548.1857910156 3057.2302246094 3585.7141113281 4078.9826660156 4654.5825195312 5183.7949218750 5688.5727539062 6191.8139648438 6700.5424804688 7210.8779296875 7704.6782226562 8174.3237304688 
3.8861119747 3.9149439335 3.9156160355 15.5484161377 54.5023994446 101.7643508911 208.7138519287 424.6003723145 524.3535156250 841.7097778320 1057.3570556641 1578.1201171875 2097.3383789062 2630.0559082031 3205.3408203125 3662.7548828125 4177.9160156250 4693.7978515625 5218.3354492188 5825.3261718750 6397.6210937500 6909.7851562500 7362.0610351562 7925.1835937500 8472.9111328125 
4.0041599274 4.0344319344 4.0335359573 16.0563201904 56.2647056580 105.0942077637 214.2093811035 432.4321289062 541.5045166016 879.4060668945 1083.0684814453 1628.9020996094 2185.1032714844 2717.7963867188 3254.1303710938 3841.1335449219 4367.1879882812 4900.5283203125 5440.2128906250 6039.4169921875 6560.3583984375 7103.1733398438 7512.5234375000 8154.4394531250 8741.8906250000 
4.1236481667 4.1246719360 4.1238079071 16.4833278656 57.7639045715 107.3049621582 218.7066955566 453.0256042480 568.7937011719 915.9567260742 1109.9494628906 1681.4816894531 2240.0378417969 2800.6594238281 3367.3974609375 3899.5690917969 4468.6601562500 5014.2192382812 5535.3437500000 6205.8598632812 6744.4101562500 7323.4624023438 7803.8066406250 8499.5126953125 9109.6103515625 
4.2495999336 4.2822079659 4.2918720245 17.0393600464 59.7392959595 113.0016632080 227.3023986816 460.3630371094 574.6011962891 920.6977539062 1153.7138671875 1748.3704833984 2319.4919433594 2920.3745117188 3467.4995117188 4007.8417968750 4555.2797851562 5140.0263671875 5740.0878906250 6360.9619140625 6880.2539062500 7437.2290039062 8191.2607421875 8756.4257812500 9432.7412109375 
4.9070081711 4.4103679657 4.4072318077 19.2010231018 67.1573410034 114.4924163818 233.3675537109 474.5690307617 597.1299438477 945.2482299805 1209.1302490234 1788.4559326172 2445.1296386719 3023.4851074219 3644.3461914062 4243.4223632812 4860.6650390625 5458.3837890625 6146.5869140625 6792.8349609375 7368.3779296875 7783.3173828125 8331.6083984375 8942.2597656250 9580.7148437500 
4.5005440712 4.5015358925 4.5015039444 17.9927043915 63.1183357239 117.2520980835 238.9792633057 482.4453125000 601.1637573242 1027.4848632812 1253.9821777344 1878.0394287109 2450.8161621094 3022.6420898438 3649.7480468750 4301.5576171875 4878.9843750000 5488.0747070312 6143.5053710938 6812.2519531250 7516.1352539062 8096.1728515625 8699.1972656250 9189.1015625000 9837.6699218750 
4.5916161537 4.6100478172 5.7336001396 19.8880004883 64.3213729858 131.8628234863 245.8163146973 493.1717224121 617.7515869141 1021.4307861328 1274.3352050781 1899.3222656250 2609.2224121094 3225.0378417969 3806.3449707031 4502.1049804688 5060.7187500000 5736.1733398438 6327.7587890625 6924.1406250000 7648.3881835938 8331.9814453125 8974.6279296875 9740.9824218750 10246.3437500000 
