1.0000000000 8.0000000000 32.0000000000 128.0000000000 512.0000000000 1024.0000000000 2048.0000000000 4096.0000000000 5120.0000000000 8192.0000000000 10240.0000000000 15360.0000000000 20480.0000000000 25600.0000000000 30720.0000000000 35840.0000000000 40960.0000000000 46080.0000000000 51240.0000000000 56320.0000000000 61440.0000000000 66560.0000000000 71680.0000000000 76800.0000000000 81920.0000000000 
2.4254972527 0.2421298468 0.7478499897 1.8917852199 9.4911167735 14.9989876268 55.2312643281 91.2064411204 127.4335449211 133.9439919607 178.1371210714 284.8762618510 400.2900892847 587.3986110423 282.2758152870 281.3021640532 315.8003021258 394.6688512779 400.4235172929 451.8945377558 519.2411585285 538.4132703948 566.1905557231 634.0685558703 626.0124899809 
0.0396551773 0.1129006223 1.3403449907 4.7026374891 13.7286223603 16.1279938493 27.8831879777 57.1221164855 116.5316369002 217.8557465950 156.2819865658 231.1150382693 335.6059637654 437.4236637836 496.1445837093 598.1358334448 667.7204058074 713.2795391417 812.7459204152 979.6825533081 929.2425674535 1036.3470023949 1134.5546816901 1327.3819465376 1262.1445146624 
0.0186612597 0.4273428513 2.3457203665 4.3228808504 18.7788258149 23.0387249135 49.4014867427 101.0675173716 140.6275221862 289.0321244258 260.6058937854 414.7460342492 530.1146081274 652.8767731693 805.0467511216 1026.0231268994 1135.7168116492 1231.3347746044 1375.3035953714 1527.1955205512 1699.0904501936 1748.5143304480 1939.1363009090 2776.5556726031 2169.5538745907 
0.0830426061 0.6293509896 0.8654159269 4.8174042372 18.6052760978 39.2371650187 90.1805383587 146.2459610034 192.1055406215 318.2052719926 432.3221418649 607.0405201267 824.8584776702 1107.7767068286 1237.2858503800 1446.3026912335 1763.2189367000 1895.5333341423 2026.5190498808 2304.0642357887 2492.8462060261 2837.0442803707 2755.1656699998 3168.3152334667 3254.6137632389 
0.0382555827 0.4781947841 4.7758829342 11.4944030220 23.2467979613 50.4782414378 128.2653705798 225.7485264599 300.1262434227 493.3654555821 592.5813094418 833.5317647302 1130.4310097889 1552.5034546658 1731.0124013406 1997.4312775780 2488.0316009771 2508.8179118238 4045.5493361724 3462.6807459654 3444.3880459698 4730.8948354030 3893.2296016101 4673.2128811213 4712.2051171041 
0.0494523388 0.3671602881 2.2920692445 11.4986018052 39.9719521265 61.4958492692 145.6436688409 287.7211709197 341.8728813635 649.5303427419 835.9185398685 1341.7203255640 1582.7034380573 1843.7595347373 2600.4992820076 2608.4233194833 3362.4319913711 3747.8630524784 4097.6693019475 4146.4115796848 4729.0963564824 5293.3885955440 6047.0058475062 7431.6186123674 6155.3265300599 
0.0615821577 0.5197160876 2.0037527793 11.3423137536 70.9039234366 90.3251631225 192.1573256177 377.3404718872 543.4443460581 797.3494479534 998.5990059145 1470.6962236141 1944.6049831163 2480.9113972715 2952.7305621987 3334.2940771959 4013.2541598282 4660.2204454630 5096.6485310323 5423.2177797016 6010.2832872558 6964.2874804408 7330.9812370362 7307.3486175272 7955.1873170612 
0.0830426065 0.6792698591 3.4476677624 15.4221316943 54.6014468077 120.6837672230 234.3513672636 534.0204098197 632.4319633791 1226.3447537134 1249.0559735161 1764.4160565210 2731.3422391085 3005.4346254078 3885.3400874655 4573.9083862773 5050.8719940212 5860.4800235876 6843.5416645284 7029.7311192371 7356.8009562032 8502.2813390196 8968.1606249283 9301.0364463735 10334.2581542706 
0.2654564219 2.2780732997 6.4936519061 24.5922747986 67.8532739780 151.7263064979 578.2363989738 606.5007431844 694.0850337628 1247.5742694819 1483.5813570285 2615.7119410605 3639.4397329946 3711.8631495168 4815.1252310495 5152.1461848456 6395.3943077559 7016.4615638696 7621.3681689292 10164.0572004935 9474.7060618301 10840.1210555930 10513.9026386087 11957.9547819012 12463.0768312059 
0.1129006223 1.7494931135 4.9340371120 24.6739178101 95.0040075058 190.8748305323 349.0271418691 738.5450188899 1094.9634192652 1403.8263980319 1832.3934278774 2993.8641777521 3845.9088453437 5198.4508355113 5394.7192366800 6493.1923723966 7187.4364933997 8560.2198856254 9458.7264249972 10315.8012351887 11570.0063168365 12449.1457341755 13093.1453460221 14124.1183721040 15124.2373376353 
0.3886207369 4.1717246459 15.5639572695 43.7531899088 101.1440285370 219.4232924248 407.1942889082 864.8425596157 1046.4100867844 1983.7357789534 2837.4133067846 3327.7775652468 4399.1064988772 5413.5045939356 6667.4022313268 8048.3531904692 8623.5823274137 10201.8168602617 11499.6762271408 12270.1749213193 13265.4382270307 14272.6890595563 16631.6659186609 17408.7930923479 18862.3148919655 
0.1581541774 1.9146452637 6.1596153541 28.5773868454 124.9679259595 245.6470278676 491.3397758223 1047.6995798417 1259.3915122993 2283.6511501400 2629.2273585264 3970.2506860349 5349.1568376257 6419.6287528962 8693.1011188358 9322.7497553044 10160.2978896913 12176.0834494221 13178.6325775215 14972.3626741211 15381.9549349232 16808.1804431863 18379.2028656230 19630.0451882412 20514.0272025187 
1.5026979518 3.6702032862 19.1847082169 68.5689332940 284.8300752330 361.7811799327 647.4687400573 1122.6459986992 1405.1704752742 2487.1554548263 2959.6534230818 4703.1474080914 5993.6957598820 8180.1865939374 8917.1803956001 10544.9517093248 12005.0982561984 15931.0135210158 15729.8451395350 16772.6797289270 18182.3587645872 21503.3454973645 20741.8793194984 22916.1568254958 24604.9812500992 
0.4646653706 2.4796149060 8.2403458305 41.2707758137 156.5544409600 324.2683153271 663.6900402059 1458.1819827404 1770.7445562769 2618.2419413681 3544.3032305438 5209.5402891937 6880.4265777394 8947.8058557170 11034.6301664863 12748.0613283642 14385.0587689726 16126.6077841715 18065.1166002172 19726.7100478753 21225.0911835813 22830.7302430908 25361.5208553579 26220.0395805321 29066.0930506401 
1.4257202547 3.8064304836 16.7284198856 48.0975312084 181.8936326849 426.8152040750 765.9220201936 1584.5630326039 1949.5226916251 3370.2006738581 4243.5303744664 6148.4157989958 8024.9958245431 10282.6788985008 13005.7667958340 14659.5407090717 17297.8519023754 18705.7679155096 21117.0284929444 22792.0505832112 25324.9415202768 26957.5470333725 30646.6700381343 31222.2364773515 33781.9618395897 
0.7371197653 6.2869784529 16.0729431327 48.9330891196 198.6257848225 451.2647202350 913.5484478966 1687.2270207577 2181.1509145418 3675.0295547704 4525.9657435249 6601.8657527625 9008.7773235832 11425.7925670336 14878.0468005739 15878.7577945750 18131.0319023569 22748.5563182827 23458.3984533551 26053.2708989781 27424.3173944401 30734.8048358785 32645.7281110420 34047.5535554833 36636.5864263589 
0.8434889469 3.1766129623 14.6332269333 53.4155237419 373.7192544086 662.4635289008 909.9412263622 1923.3241488828 2775.5988165027 3801.8957973909 5634.6162638483 7745.9381435219 10962.0859183060 12913.4710036678 15555.7925017192 18259.1083276802 20868.7227020755 23576.3385488444 26143.8074008693 27543.2526016129 33309.7531208623 32876.1932709358 37385.0265782994 37801.4563247216 41111.2411697250 
0.7473834576 8.6989462916 16.0780749784 84.6395437693 307.8417413190 555.7915686559 1345.6975065756 2192.1456623295 2867.7994362433 4311.4811535270 5579.0966830546 10295.6214152882 11073.5160332879 13848.4920302426 17147.7169348127 20426.1158733607 22574.5074127190 25613.5411700052 28685.8418887432 32758.4085304352 34072.5535788097 38186.6125987763 40069.0601909610 42995.5474233930 45670.5065319074 
0.9601218208 9.5606299665 19.3050733433 74.1052625681 291.9022261949 683.8260061450 1209.9191127691 2391.8873904940 3317.2960021047 5064.3566204080 6700.9966978903 11332.9238741899 13757.3905587087 17066.1023812700 19639.4420656525 22597.5228110574 25621.0607246730 28736.1801707320 31976.2204230701 37185.2237345101 38281.0782289343 42227.0025631242 45821.8740756838 48514.1326386365 51765.7853264645 
1.2008520725 6.8631448521 19.4249719389 70.4513878845 320.4012357492 728.1278370947 1335.3815621158 2897.4736386381 3569.7674527100 6474.5171165741 6888.6879174879 10357.2894146801 14142.1274209479 17275.2031977934 22066.9593996299 23985.7502619570 28643.9081716726 32980.7719043529 35591.9906805666 38312.1557580716 42405.1807389669 45900.4781014773 49785.0311503080 52857.0584815889 55731.3711640618 
1.3618054390 4.8911162139 18.8254789646 90.4068061354 341.4357413512 904.2971283116 2170.3609740807 2893.6457477048 3813.4209914915 5887.2514670084 8111.8192022495 11422.1288951885 16148.0229794752 19328.4778290235 22577.3345935895 26336.3048279480 31492.0428387886 34391.9862951707 37981.1857177910 41940.4038669863 47682.4763305240 51261.9336424259 53222.6806153367 57307.0276438575 60939.0723860943 
1.3795336363 11.8251738531 51.0035559028 152.0538116092 430.3300523734 773.5941306601 1597.7924662629 3465.8909491955 4574.2470881432 6676.5649099261 8355.1652967744 12431.7254480802 16645.0087194744 21472.5469540626 24807.2707067668 29843.3704474692 33278.2916363030 37586.0536007367 42169.7610145748 46506.3457614215 52797.8253100800 55394.0553623597 59029.0009974442 62593.7877598926 66977.4352710874 
0.8070994900 6.4199399294 23.4119501110 135.3617811792 427.6488958603 839.8411366952 2029.0448514052 3479.9340137843 4512.0673037000 7484.0702820366 9693.9604698528 13699.9922555769 18362.5523564979 23522.7872644364 27222.6236984934 32281.2083912222 36153.0190652757 41482.8806267196 46253.8976373917 50024.2983599546 56400.3418742805 59448.9586550453 64425.6512079901 70404.8009823282 73507.0254978127 
1.5166938965 8.0980537241 27.0410986259 133.2073387275 485.0966513304 1121.6854103477 1972.5296923971 4075.2081430273 4868.8085438716 7668.1771401436 9891.1493376654 15115.7968497928 19489.3640149330 24456.4973375045 29628.3801373283 34299.3392047874 39519.6843634503 44232.0345718499 49271.3020614156 55302.3828562737 59989.9443801150 64191.2265952815 71028.7066160699 73834.7531441896 79617.9279656717 
0.6638743198 6.8416844024 29.5790299679 119.1376818424 507.0782158728 1012.8226181932 2187.0184811796 4003.2036717894 5992.2723722848 8858.5215243638 10931.7781661393 16649.6245821036 21245.5294619303 26832.6467544794 32214.0059286830 37985.4166919376 42551.9132923218 50400.1739229425 53952.9288380854 57933.7114726641 65633.1177646807 69362.1054193227 74605.0092419900 80450.4342941691 88074.1551814390 
1.9277081446 10.5534089926 33.2086450144 135.8259800199 574.8433153967 1162.5843605580 2196.2823971135 4723.7251793576 5722.7613252853 9533.2991521263 11373.1524186387 18130.7449854867 23879.1585451308 29561.3815490524 34303.2776636846 40799.5230181987 46460.6037477406 51931.2435210431 57435.4423045152 65100.9485518389 70864.8775494785 74723.7181813853 81123.7460799694 90325.5755365826 92457.0795688123 
1.3482760260 9.5489666801 45.4462327107 125.1368103622 581.0173932277 1243.7906990399 2636.2435257088 4825.5293499642 7213.0444072664 10342.7765528741 12410.3695022750 18721.2954833230 25284.7614951042 30831.6926975695 37406.0895423245 44613.6330767094 49070.6655258418 55990.3362665718 62355.9999216213 68235.8475337751 76818.0410529058 81038.3008363042 88206.3436153767 93648.9518436847 101346.6459651099 
1.9869576445 18.7447690150 39.6850352572 145.2578472945 609.3736441435 1298.9109288737 2797.3223891258 5308.1020658956 6595.2041495166 10601.7831766876 13928.8670095993 20298.5759592593 27488.3856983834 34272.8551447690 41014.7955798948 47826.2286806766 54693.0987861779 60705.5887674160 68559.9926847863 74688.0616456074 80462.3047215773 87593.2419180408 149939.6480859614 155712.5839406781 111900.8639230269 
2.6928198004 26.8969403933 93.6557314799 346.8101841954 1186.3014222672 1500.6368154936 2931.7501742498 6534.0446694590 7139.8586782798 12145.0731008190 14198.2348314268 23614.7550849601 29236.1699070389 36806.5961022239 44186.6125987763 50555.8503516240 59133.7153915265 67701.4949535278 74695.4211799693 80627.5730378384 89001.9813592680 96401.2572090778 101996.0652733553 110407.5175952348 118429.3997885688 
2.4758826548 20.3962905161 88.3069478677 337.0536109996 765.6304380071 1506.2379926458 3748.4714095499 6147.7691863420 7551.7136168419 12203.7072458879 16247.3004154926 24045.5180785611 30982.6305658371 39373.9847108300 47046.1674904072 54840.7569380233 62486.5620267610 70048.6149146382 77358.6204290405 87430.8124459403 93444.5671940648 101764.9133790965 110215.2352391768 118897.5496832718 126551.3329271398 
2.6004465635 21.1847287446 97.2274966207 299.4782311744 784.4615153499 1580.4570888995 4999.5017443616 6718.5751381621 8122.4337268668 13345.5304882991 16476.5544596212 24854.0568179378 32636.6172174385 41194.5361697217 49853.7069193153 58394.7733543337 66855.3267166735 73939.7175991544 83707.9713437706 92081.1428902016 100957.6725303450 109508.0042808931 115142.9013967027 125459.7691228919 131781.4799125536 
2.1689049299 13.1342612331 43.1051776595 207.3629866973 1058.4960517444 1673.7783172957 3551.3557871836 6842.0884189163 8700.0533712035 13684.4553571336 19622.5447613651 25955.1607247649 34791.4352281678 43875.9408773967 53361.2498005587 61058.8090943784 69965.6217605225 79020.9892520470 86904.9740655137 95892.5615285079 107069.4156879617 122298.6841945658 123316.1497342171 132853.0659050393 141011.4239567665 
2.7166129057 13.7258231716 50.7432313279 211.1969425387 1637.9375015731 2007.2760252260 3856.9801042977 10209.2920944360 9583.1737018070 15090.9895039767 18379.3820137180 28636.4721261416 36956.3349845448 47021.8327409930 55766.9773144407 65011.7500622837 74654.8040147827 85130.0283931087 92850.7150528239 106168.0287831296 113855.1265746610 121090.7235810228 131169.4829618027 141646.3094092906 151439.4885321890 
1.2017851332 12.9751739914 52.9494587754 224.8485872005 951.0972354292 2116.0039897768 3684.0480751380 7988.3185178478 10514.6602857603 15591.0132970821 20265.7801946189 30570.8568037553 39544.1833319492 50715.6560505864 59147.0619245920 69331.4235088947 79574.0128893303 88308.0736074735 100921.8107207089 110019.3540591499 119738.1204752310 129125.1564046870 139097.7663404992 150361.6766768791 160038.0862318161 
1.3221502631 13.1785817284 75.0756480811 228.3457073027 988.2336091141 2023.0774470292 4936.2041504501 8700.2213225387 10845.1311373392 16381.2933932604 20672.4552339692 32038.3400249520 41814.2425534570 52424.6943518883 62685.1649515411 75256.5004166136 83113.5934215308 94362.6829853165 104466.0061824725 116169.8711160097 127125.6966481596 138696.2315451819 146483.2622494832 157534.0745274734 168431.5327705735 
2.1189860599 15.6152757336 59.7206969214 292.1014351414 1027.4843035477 2165.6028193429 4507.5755384460 8559.5144900035 10856.8849318726 17587.2283270473 24502.5430631904 32600.1965030664 44164.1533059847 55838.7699803752 66754.3478402877 77285.6586351700 88190.0611996025 98914.2141883422 111094.1591189621 122933.3223853973 134017.9824565494 143675.4876886989 157056.9434349236 168976.8381107715 177635.3627142416 
1.9407710279 15.8051540566 55.2877146401 282.3033406457 1337.8859031909 2235.9389739504 4580.9926670554 9892.8115893868 11317.9990650715 18642.0705041055 22960.4283318986 34947.4568901569 46891.1754634282 59339.4030636191 70256.8237229389 84033.9168398277 139053.8326029018 165845.6461881105 117395.9410826719 132962.2356749169 139912.5388737339 151571.6690350928 165106.7522036610 179972.2558384055 188846.1999610008 
5.5461264346 19.4884202210 62.7876749822 269.4788563276 1163.8505270421 2617.0079655603 4911.0874942489 10270.4478422456 11982.1957584791 20707.2141631470 24756.5036823325 36233.6422393892 49362.6092733393 60707.4884836693 73272.2117978374 90422.1830128445 99450.8952272881 114280.4334824068 123770.1791201034 135976.7518024455 149269.8492823365 160226.8229484980 173608.1629949076 187190.0915241495 201657.5014998998 
5.7817248417 38.5387673668 81.6719369177 286.0062011387 1232.3163568763 2486.9007286288 5115.8341723130 10419.4118157502 14661.6312367114 20822.9373009672 27590.0541083247 38910.2990560204 54195.5900643734 64870.4372053289 80130.9493262816 91205.3736963935 106701.8779758910 131563.9852613385 137029.7077926625 143253.1264608260 158815.7905049629 169685.2741199145 182212.5438189723 219680.3494134292 226951.3416979316 
2.4427589160 16.7610770914 73.5860130117 309.4620052107 1598.7241296607 2695.1538574212 5901.9136188945 10516.7559452457 14857.0356215459 24243.3059728173 30784.7703592015 42842.3230842563 60395.3924416310 72705.7100656057 88385.9097224231 94892.3763154999 108935.4670306857 123123.9928751311 135655.2504854262 152003.3576271817 162241.1062768078 177728.8635572659 191453.5805825872 208554.0322783781 221015.7543021196 
1.7798176596 36.8102681714 89.6207005608 340.3804471054 2009.5415021751 2719.3994993177 5718.9987487618 11166.8144016439 15037.9728646585 22868.5841422230 29583.0547362748 43199.8606936977 57222.4394185505 77040.9852585362 86518.5026391700 101048.2234947121 122096.9783688015 136103.0437447916 152249.6890567563 160472.1476031009 173935.4791605037 193082.1398680091 209400.1561947443 220027.2673664003 235946.3162206448 
2.5780530523 22.0207531856 91.4364411474 349.3845049961 1448.3540302281 2938.2195665166 5951.3570934723 11912.9634173987 14938.1155299925 24596.9527095695 29917.3880021153 44544.1226828552 60247.5434784028 76383.7076937562 90462.3868311246 104915.8764400636 122910.0723217125 135767.1489980312 151432.1122026922 165257.9951835287 182759.5963196254 206181.3393932680 218316.4016612209 253735.9403735391 301209.9060498876 
34.6838176047 39.7517492602 174.5224350379 679.3897581374 2072.4756680502 3252.2839049416 6354.7164934716 20151.0890244681 27305.4652298742 43898.1655048483 48165.5118457056 50567.0326450781 66644.2795307448 80894.0185063766 99540.4800049291 116826.0821897857 126930.9360767875 152680.6801842613 169587.2301931740 176175.0356196862 199600.4017769228 211704.5978545138 233275.1630760831 245126.3371959067 255882.9365171987 
2.2393511827 21.4767774596 97.4332370097 394.5984050224 1739.4169662512 3056.0938810668 6730.0690746561 13617.0364239806 15637.5638098471 26084.3143713137 34249.3979411083 51248.6015718387 73777.9286747973 88685.5535722789 106968.5291848073 120807.6280698951 136247.7440869479 153819.2675642058 170569.0116716869 182997.2922511952 202555.9809804472 221033.1955821312 244170.2037529685 264258.0656297869 273286.0327934322 
3.7597773335 25.6219098155 97.9025677007 372.2482805970 1631.1144784268 3580.8275149102 7049.5811013679 13892.4719544593 18262.5037439138 27453.8082499566 35143.2704231192 54021.7221730272 72346.3847074672 87215.2772270128 110500.1231643182 126435.1847791331 141526.8946077340 161071.7464793197 176332.1251722664 199554.4572885774 215158.7653337265 237677.1928613161 251184.9246878191 270791.6712931037 270571.5733961333 
2.9298177978 23.6750738768 111.4025896240 401.6299677387 1735.8563978705 3550.3821359453 6868.7007750923 13874.8030070783 17582.8098072379 27753.8346556394 34841.9993114003 55373.3413638984 73085.1578602669 95816.5047646908 112211.4124800864 136121.9163434362 154391.7217718117 176254.2312074147 191992.7892891792 205016.4130445919 224618.8171747053 264510.6532467325 269166.9566937417 289373.3385647065 311958.6839706244 
3.2004060631 33.4694361154 198.0780768426 800.5587181178 1832.3071195555 3765.1951641237 8834.4223733584 15691.6376095251 20452.5224891477 31617.2053083792 37402.9782437719 60950.7963226133 78499.2516834827 98742.2390152788 121348.7336935577 144700.7960893461 156739.9502117551 176737.0899071466 269693.2093541400 248744.2712264819 228868.0243044291 261037.0915866661 285823.6632239787 310428.6836627143 313937.3298909486 
2.7963897955 28.6184416182 103.7309456879 529.7101253236 1969.0740935985 3736.8132539777 9461.6329162236 16869.1841017280 20067.9843693288 31887.6988707125 37873.5652990144 59400.1123407870 84706.5577533358 107473.8135870793 129241.4986297954 147876.6364758558 161222.6904124982 181269.8427508949 207927.7557315727 226969.6273999580 243709.6774494494 277267.6374565053 298830.0850300293 329073.0420372929 322626.5541330504 
7.0562888941 31.6410991873 106.2898709497 482.1873609180 1969.9110511065 4009.8424149910 7785.9198928054 16424.3626479947 19672.0526172867 31873.2401265661 41668.7197162755 61645.4850481314 84904.2164183629 104852.6651544817 135258.1589360852 154651.0517019487 176796.2428352475 194260.7295246271 218145.7323098293 244895.0700683636 246537.0827225706 280152.1536493528 297890.3907574495 328624.0124694523 346006.2459236797 
3.5498381549 63.2084863973 229.0427053595 563.8476345412 2027.6961088457 4225.0995811482 8852.7099415078 16980.9445210121 20820.3601809728 33020.4909964086 44653.8704852574 65660.1705265930 86767.5399514264 107847.8748090711 133707.8883011636 159603.2700125725 185110.3020418232 198742.9075549153 222615.0322046669 251149.0540140876 262279.0133605304 298811.3174009704 317457.6781287251 331608.1741916641 360476.5143379191 
2.8887630324 31.8151154352 131.5674805155 533.4899635127 2102.2296473311 4497.9957806936 11502.6923532641 18813.6719854374 24247.1525250076 35750.0408215055 47983.6699980151 78667.3411157026 140081.2217340281 120972.2348444920 140436.0152051886 164172.1552542149 172800.1761622945 202129.5534640376 232341.9848489211 248186.1787244852 279670.7132053634 302615.9111500092 317478.9897540322 342951.6290813335 376516.2054380780 
8.0887230943 34.9096188511 129.7536060520 498.5850099692 2241.0516926248 4616.4952474428 9262.5340684681 18500.3540974067 23523.8322949954 39373.5387067209 48950.6437668097 76390.8960110639 98818.3265701809 126184.0336126625 148876.6383419861 173640.5057574666 193280.7278637774 214505.8619682532 236319.6879090901 265916.9713894880 285697.3862106388 316058.9112647722 341555.2163353204 347287.1011505631 388932.1709856595 
3.6711363500 36.0041017484 153.4454750581 551.6800265759 2609.9395468482 4914.0392390327 9525.7791309268 19121.2277429440 24706.7634937193 38242.7209423186 49913.1579610330 77078.0913076815 102817.9356167893 125547.2927643787 155814.2812755686 176332.9630628359 198850.2088661480 214344.4546666724 236360.6713015033 265471.4506050441 307920.5422215673 335093.4341290194 352727.9981413449 371241.4263174142 412526.9417274176 
8.0136115139 71.8024630914 258.7803560309 966.2585760088 2683.7658235745 5002.4380935938 10885.9204526525 21600.0840689812 27774.3657737592 41319.2125134956 55603.9278219687 78686.3886636565 100709.2897617695 127568.4509008133 161907.7671895793 184461.9058371463 213297.4936061801 327295.4973179149 276973.5504633136 279490.6199177349 307489.9280515092 329459.2419422988 375671.1391486169 412723.3039014245 418393.0140640587 
5.2022927266 34.6502273314 149.9282941222 630.5695696356 2476.1863662716 5051.6613653017 11508.8141795713 22330.9107907844 26458.4040517366 42344.6828005690 53089.9309439992 80257.0378608943 108363.8987664017 135456.6330981761 176113.5351050907 203533.8510588917 232502.2948684345 279743.5919566196 289509.5984190266 311226.5364981577 354853.0906312080 369475.1240740588 408656.5763679391 415333.0512372777 445150.4461440782 
9.1356197809 70.7994203840 286.3416372857 865.9878944454 3224.5975932601 6051.6436371108 12282.7101561124 24121.4931993745 28287.3269518022 47951.4746594214 59341.8770801363 91799.3023487943 118211.2356646539 147946.3670725818 173183.3258843835 191845.7922124653 214948.4090809419 253223.2796417811 286791.4529563714 333884.8059089069 345477.6657376497 364012.1102246048 401458.7198935624 421923.5588142183 459525.2566156414 
9.6725975163 45.3902489244 197.7617684897 685.7229232119 2678.9138960157 5612.8007845255 11233.1757078937 25634.4534443488 31236.4894811180 49462.7255329833 60944.2597498128 91100.3359959723 162191.6632687644 200991.5343194589 163372.2940006846 207231.9594602741 244584.2779818631 271369.1985642072 308849.7619289847 304715.1106752572 339720.8550775977 385325.4332444776 418174.8667352804 466584.7197871917 460262.8685715463 
7.0679521741 36.9502276153 197.6623972732 683.8581968186 2813.7195716408 5431.3816143695 11149.7038924572 23634.4940325944 28852.2975276574 46844.2055388587 60075.1801511360 99465.0353304314 126244.6341879840 160532.8344867594 191365.1168801443 218783.8774179108 246248.0543303827 267571.7366821627 306639.5195098739 356728.8057073602 374046.1572267232 388174.1590070014 431329.0843199647 467244.9271697697 519725.8852201921 
5.9907309624 77.1451818146 191.9613823848 694.4479952654 3068.8166615146 5782.6275800326 11575.6284879026 23937.2468483489 29195.5774680100 47956.5514551505 64463.2597115560 94568.5791969881 129403.3594000066 153011.8769588589 188645.0427762757 229277.8125084587 247185.7891706895 281001.3632050395 318309.4102202158 362523.0349926715 382136.1707468022 492405.4793191171 447748.2395433908 482541.0986256902 510728.6088310793 
7.7486216323 46.6386872140 188.2701851864 784.6807851602 3120.9319619811 5933.5631156428 12708.9235345484 24337.4380329478 30463.2181902416 50742.4349585199 61668.5830225470 92336.2063897948 124485.4148258019 159347.5934905728 200048.7889308861 221379.8718717881 256689.6520514711 280331.7612777028 309306.0068729392 353913.4084884427 390852.5051341712 414817.8460427443 454862.7991516696 510288.0570736015 561205.9064753703 
7.6800414972 46.0788494238 199.7459269478 983.3322292106 3799.4021865306 7891.9387089554 14855.5744448968 28780.7987765700 34336.1028198124 56227.9542873875 70017.0479939552 105649.6819654858 135554.4586881733 173261.8958533712 205025.3135324892 240630.8373587235 273927.8154476051 305313.5754134273 344589.1387735319 372181.0986630153 427706.1821954849 443859.0585021157 461793.8868511847 516159.2813175521 555179.9864519271 
5.2204874519 45.0599446340 213.6019124009 791.0601368494 3293.2136462332 6359.1438773874 12648.7834258151 27801.8654728367 46956.0877228505 91720.7463757513 105120.4117793677 118968.7195296574 144924.8035202618 170143.6940337153 206422.2501933837 239432.3179430794 280311.3113360596 305797.5453911786 345600.7806004927 393155.7757998962 425107.7622443554 449831.8690464657 497519.5877914375 518305.7255544554 549684.7926594055 
10.6467152946 61.6661332751 197.5373668392 787.9194467969 3507.3161469336 6639.0968323394 13772.9036640521 27789.3073780142 33780.1764235483 55815.9747848986 72217.8958683071 108161.8075856095 148000.6718053482 185500.2663894848 213159.1366928042 247033.8655213709 286532.9618498508 311849.8939573910 356123.1675809249 374728.5673097649 426422.1680838382 480741.1398670665 511714.7906346654 537236.8263168610 583002.4031037465 
12.6686628064 94.1875773860 318.4338724386 813.5796122078 3487.6322500204 7285.6259779655 16936.5111281659 31623.7955323013 38664.4915413199 62345.0084395590 78633.0715780496 114141.8605649233 153550.9466390504 186243.6297456734 219343.0881959066 244450.5145375879 397083.3043306338 347332.2865921655 360732.8831926425 397743.9451209648 482791.5593255457 496812.5961637998 506582.8032757854 567516.2236328033 659536.8676515354 
8.2324147952 48.3098030381 216.1207159515 946.4081273472 3725.0421977806 7315.5264481466 14791.8229158386 36680.3046263958 40678.8663097977 64108.0514938803 77565.6073913560 118042.6978956675 152304.8550066742 192741.6595831601 224691.9945061236 265232.9788316129 322074.9865405669 363006.9970393961 372135.4289617157 437460.3891432489 486135.0809292053 506485.9438725252 529582.7757504303 587415.4462980223 634189.6333902259 
7.7154978935 46.1688900104 254.8544934980 947.4704195600 4381.7249349086 8200.0529046636 17582.7958112932 32360.5271432607 40749.3270283157 68697.7533709141 82916.6210243420 130183.5227606789 162048.8864359795 198129.6393058292 238580.4603546130 285435.8131970512 340621.5818403580 375606.7997898790 413077.8235186008 437893.4782629076 526420.8440674556 540833.3792089397 551896.5942267678 633772.7926295483 652597.3562593135 
12.5898189726 81.9047361292 249.8775354761 892.7943277231 3927.5817153248 7413.4696040710 15439.1582278913 31083.3299898659 40087.1774751140 66956.6652888461 84171.3616841444 125241.8634574278 172786.9873168820 216587.6855279057 268436.6104993824 298889.7777350649 331399.8226247204 357718.4515073168 423289.1590210056 482720.7477753545 494258.9151836437 569539.7274896241 595674.3628812546 618706.2190514698 729111.6657133680 
9.5876888081 48.7208172854 244.1643907805 1300.1547018357 3951.8604809709 8347.0579124114 18603.3581870142 34296.8110706133 43479.4786790444 69822.3737309163 84938.0688768579 136748.0207401386 184991.4550091198 298673.1415017857 257095.4187540046 307902.4053430767 350575.7530518167 389821.8278890708 419288.1144569546 474940.3553477023 527243.1170275668 573814.3153323908 604551.1701076466 30605825.7243601270 697816.4935679233 
8.0336723768 52.5034546736 235.5797446799 1035.8333512268 4268.6558947607 8446.6693849827 16772.4828526552 34321.0949680943 43032.0586448652 73137.3795298859 95536.9581586565 138414.1880625684 209511.8415024772 230276.0816765949 266038.1487470295 306325.6973013049 362263.7909043115 396891.3420151803 471927.2682061419 489508.8589665829 586582.9632960958 600035.4251361568 636905.9659114573 762319.6566514962 731527.9657640494 
