1.0000000000 8.0000000000 32.0000000000 128.0000000000 512.0000000000 1024.0000000000 2048.0000000000 4096.0000000000 5120.0000000000 8192.0000000000 10240.0000000000 15360.0000000000 20480.0000000000 25600.0000000000 30720.0000000000 35840.0000000000 40960.0000000000 46080.0000000000 51240.0000000000 56320.0000000000 61440.0000000000 66560.0000000000 71680.0000000000 76800.0000000000 81920.0000000000 
0.0009330688 0.0023326720 0.0037322752 0.0097971060 0.0298579689 0.0326571753 0.0643812818 0.2411965397 0.2878496307 0.4534681793 0.6228190032 0.8532853099 1.1901207617 3.0287196860 1.8773209886 2.1241159411 2.3615802056 2.5416612625 1.7914792988 4.3401384610 3.5027152044 4.9512941623 4.1941142408 4.4049862772 5.3329165094 
0.0009330688 0.0023326720 0.0051318202 0.0153955189 0.0685800333 0.1273629605 0.2505271696 0.4917237675 0.3592289286 0.5668352242 0.9349282482 1.0632242775 1.4588425984 1.7606882611 2.1385783912 2.5034056744 2.8141153743 6.0784331872 5.5661820807 4.1600574623 4.2482318240 4.7796107247 5.0464664819 5.2447421476 5.5143971695 
0.0009330688 0.0027992064 0.0051318784 0.0279918895 0.0643812818 0.1264298917 0.2887827577 0.7413178682 0.7562468527 1.0328997741 1.2848265469 2.2743389127 3.8409502595 4.8621867318 5.3991639870 4.9172373838 5.3198536625 7.4313732330 7.8881072113 7.7028943342 9.9744340987 8.6112302961 8.9625281980 12.8170078387 19.7314647376 
0.0013996032 0.0041987514 0.0079310266 0.0527179800 0.2024744754 0.4170787870 0.8644820773 1.5456174151 2.0616007969 3.2349263784 3.9365890552 6.0107862228 8.6644148687 9.3287550844 11.8946759612 14.0327878180 15.6063970644 17.2401888412 19.9521338800 34.3754081987 25.4464701866 25.2150708111 18.5562729603 18.4643663815 16.7083434644 
0.0051318202 0.0214604079 0.0373225193 0.1338943839 0.2691884292 0.6013585371 0.8602832677 1.6426558723 1.5670778812 2.5360628497 3.1271576881 4.8062030110 6.1530781677 8.9424673934 9.7579637077 12.7101722173 17.6218112465 18.1849142537 19.1524996771 29.6914363862 26.9654953736 23.2285815873 22.4928621319 24.9272211804 38.8326459797 
0.0013996032 0.0055984128 0.0158620533 0.0587829272 0.3811559291 0.4525351687 1.7728180392 2.8332431102 4.4497732888 3.9309907006 4.6536473092 6.5766883781 9.1472745407 11.4370089723 13.8839643914 16.4260921883 18.4158471529 20.8833299112 28.7303823279 31.7306436482 33.7885121698 39.1774124582 53.1551495660 45.1228842721 40.5018940801 
0.0023326720 0.0223934767 0.1548883156 0.3097765730 1.0305671021 1.0958814528 2.1507082274 4.6741747065 11.1374960397 9.8279433441 11.4822624600 16.6164368275 22.3309758003 29.5967305428 24.7965924209 26.4383152826 24.7965924791 27.5920465938 30.9548024670 46.9166961848 41.4055647561 41.5091346949 46.2010375923 53.3440946601 79.5122884447 
0.0027992064 0.0167951221 0.0485192286 0.1063690870 0.7861048216 0.8327579708 2.5901804329 4.3550674454 5.0404015929 11.0413906514 15.8508593449 12.6574542373 16.7363352957 21.1352566839 36.7061974248 42.6045496133 54.6858379967 63.0568048218 47.8073040140 52.6858192752 63.0861962563 67.3512232606 64.5800287602 107.6795678237 77.9904640513 
0.0037322752 0.0205273973 0.0363893923 0.1264298917 0.8668147493 1.1607292690 4.0984753869 6.4306641580 8.6863418110 9.8554686992 10.3122025612 26.2745628133 41.8361729244 41.0384048009 50.0494522857 50.6904659560 51.8880512100 120.0449735625 117.1342862654 126.7196335248 71.0428835591 67.8163546836 74.8250508332 83.3802974084 83.8570921915 
0.0032657408 0.0228600111 0.0457200222 0.3027786734 1.0664900183 1.7956780503 2.8831619420 6.5458973404 8.5039281985 13.7066825991 16.4363558288 28.0959001393 26.8759214086 46.3433295372 55.6007054402 46.0456827423 54.2916192790 62.0504973340 72.3613002920 73.8523335895 84.5400936669 88.1510440959 96.1431877222 109.3604792259 129.0639520739 
0.0046652858 0.0167951221 0.0545841176 0.2146043116 1.1938529788 1.7387612606 3.3958795830 6.7301771487 8.2851251354 13.5349991615 17.0106555452 27.2057588445 35.9639464878 41.3192565902 52.7133446885 58.9046783280 68.5889301822 95.3958049649 88.3675145451 94.6292944136 101.2587008299 136.7229925236 127.4170973920 146.7375482898 209.1584712616 
0.0097971642 0.0424543396 0.1432250137 0.5817642668 2.2342172451 4.5309496927 13.9917330234 11.3908224157 13.6357698357 22.2740590107 27.9498759191 44.8331685038 56.3574188272 70.3888070420 80.1127139130 127.7362046530 108.2431373070 93.2026424562 103.2731818850 115.9371676040 128.0469144112 135.3247989318 156.8911303184 163.6409016792 180.1761621027 
0.0060649472 0.0228600111 0.1721499721 0.6638736813 3.0725735705 5.4168921197 11.4519379567 25.8784780162 27.5295313913 43.9080374199 69.1459682421 49.1322522284 67.0129882637 125.2486610319 126.0282344883 87.1447366080 110.7992610196 147.2073450568 155.7859182358 139.6733349538 147.1942822100 160.9074962325 187.1689962572 228.9767107577 202.5262656971 
0.0158620533 0.0802433933 0.3704256378 1.1835893383 4.3667307473 9.9217160605 18.3607964427 35.6149812578 38.0199488718 42.6306753652 74.7863287688 94.0293354215 59.7724262043 80.2316793706 99.0841995226 128.6030194024 128.0231212731 139.6873309277 167.4967809813 174.5796555188 183.3798309090 195.8040196332 253.4966503154 221.8546475633 244.7002071422 
0.0060648890 0.0312575721 0.1133670448 0.5379103241 1.7634874093 3.5475022160 7.2629555943 14.1512866830 17.9269225919 29.2682927102 59.9809655687 54.0093679447 74.9258215656 88.2042286685 126.9631626783 126.8385988660 150.5187824951 189.9084665929 178.6739320960 202.7203426114 236.6063597146 254.8146005720 251.8316009664 281.1969321338 333.4745367174 
0.0083975610 0.0391885987 0.2010749304 0.9074028931 2.6657584822 5.6711516227 8.2627316006 18.7302890699 22.1028421074 33.3854293567 41.3393173367 65.4953626799 81.9447813556 103.0721070711 155.3902999149 148.3825367759 186.4883273956 191.7717916658 239.1778789461 237.8277380485 249.7471401584 335.6942915125 290.2177766664 315.0353630772 358.0252673710 
0.0125963707 0.0811764039 0.2827178687 0.6218859344 3.2890439616 6.0499748215 12.8165413043 24.5651930454 24.5092093246 39.1237613512 48.3069587499 72.2409352893 105.6800156366 144.6292944020 147.3836938385 172.1373653854 217.9605127894 244.4058260298 252.6214380632 271.3657229906 409.5816149493 336.0679828911 359.7337040701 373.1068169582 489.6598055493 
0.0116633018 0.0634482130 0.2411965979 1.6916416353 5.8050460066 9.6781868488 15.2005151031 29.9998134142 32.9832794960 47.8259652737 57.3604605161 88.8223823276 111.7248586379 141.5119338781 213.5391979245 208.3373765927 231.4586560242 258.8444958674 319.4142236025 324.8194524786 382.0054304670 370.3542837175 459.2354489141 438.5765204206 513.5196036426 
0.0116632436 0.0956388540 0.1940769725 0.9381939308 3.9123294991 7.1696493542 13.1804355769 26.1793905520 32.6240505674 53.6310112220 64.9896429968 99.8982962337 137.4806389213 222.4172840361 200.2617239486 227.5976449600 259.6814525896 304.6088603442 356.7171142204 386.5181853762 430.8321048156 463.7552018394 460.7554071117 560.7507418026 581.5435646800 
0.0111967674 0.0653143506 0.2495941590 0.9461250156 3.5978875821 7.2904808912 15.2513669454 32.5162818772 38.0400097347 61.6226883722 84.7976188525 109.6161382156 149.1406498244 204.2500979733 223.8458021311 287.4741075211 319.3204508862 339.9271278759 410.7521413825 434.9319798057 457.0380875957 604.7763450188 543.4447720181 771.8896373990 621.1655812222 
0.0125963124 0.0737119117 0.4432045389 1.5120271710 4.3247429421 8.4502770915 26.1005467619 43.6696400284 42.4459290807 72.3193125450 83.7264634902 129.6788399923 234.4379234128 378.2657174161 291.3645100780 300.8420885890 370.3132289811 430.5787784397 457.0021646796 734.8438053741 521.3465952547 632.1612517931 755.1071155467 691.6878160555 732.4892231263 
0.0135293812 0.0825760071 0.5411760649 1.9155765767 8.0812510569 10.4153059656 19.9745274149 38.7374736601 48.5896766186 76.9300389802 98.8999197725 141.6378972353 193.2119730627 296.0704088327 289.4181424053 336.2135406351 441.1713661975 437.5832757796 509.9613712518 571.1417880957 617.0195196173 657.0908055874 746.7044246150 750.0667138956 811.3343721488 
0.0167951221 0.1133670448 0.3858212149 1.3576053898 5.7947823079 11.1141694942 21.9563513529 45.8935936331 53.5694291466 89.5627670689 107.0278239204 192.4953812850 222.8987441049 272.7093325229 325.7949689287 432.3837871198 434.9128520116 496.8630451476 587.0113087585 615.9021777567 689.0141266049 742.3101685126 945.6603280851 888.5471289977 940.3847948415 
0.0186612597 0.1059025526 0.4161457182 3.3077052212 16.9052195270 29.3252094998 54.0252299979 108.5463825148 139.1629499849 214.6877974155 156.3844775665 363.9819359523 241.8828260852 336.2620598637 375.2234684071 480.0945192110 495.0006531435 596.1170619703 734.2564428109 687.5212271116 778.1210928224 843.3929870953 1120.0505719171 964.4694608869 990.1725231903 
0.0228600111 0.1156997168 1.4103234280 12.2184485081 16.5688506677 27.3536492023 61.0955082229 76.4989642776 76.7187004676 108.0719204620 136.8554873043 351.6109317425 411.8806800107 372.7331255795 407.8521843185 552.8621680569 546.4725586935 676.2022505281 717.8238191991 835.2646164130 877.2682739655 908.6606826168 1013.8340456178 1102.7114785393 1137.4549797038 
0.0191277941 0.1310952357 0.4753951798 3.5274413531 8.9079441386 15.3241457883 30.4285554448 59.4892418012 77.3569148732 120.8688674960 150.8304252638 263.7332748855 327.0102823153 378.8689420908 506.0355123715 544.8900852934 653.2624516985 795.7825592021 855.2904622047 868.6799037387 1008.8608244550 1087.1284080204 1185.2207625052 1216.9052195386 1436.2625263748 
0.0317241065 0.2234683488 0.6190867280 2.3181927972 14.7619758500 17.1940022847 35.2086327039 72.0188664855 101.4485789347 150.5761658773 185.7689364697 270.0468397234 353.0623099068 478.5978875589 526.1747252080 679.0289622732 728.3767518238 851.4705059351 928.0021273880 960.4027096066 1110.7493421878 1204.2356355232 1260.9718775493 1396.1800436373 1429.6597122448 
0.0419878052 0.1520891092 0.8672812255 2.5225334102 11.0194637091 22.0776494243 42.7659693523 76.8106070464 90.7197641209 149.7956594103 194.9218093650 309.4715136103 392.5924197538 556.8873980665 732.4887566501 656.2977028079 1143.4368410264 853.8162240875 945.5506932572 1057.7794054407 1178.2591860392 1284.6945154597 1735.1008640253 1627.2426148062 1541.5870453580 
0.0256592175 0.1660850830 1.4313173015 5.1024502027 10.2543527028 20.3766771592 49.0786011796 99.7816634481 107.5615354348 163.7831936823 213.4916117648 402.3265904398 448.1110157794 524.2502845358 675.8238938637 713.1771698478 861.6977998172 976.0884169955 1070.9019911592 1187.2086513322 1299.7998581850 1380.8148431708 1531.7404407542 1617.9409184842 1851.7434265814 
0.0424543396 0.2309328993 1.2386399903 3.3147031791 15.4967622948 26.2694309931 45.2871032176 92.0241849381 112.8380017471 183.3163826959 229.5006251079 402.8239125037 467.5313042244 653.2325937296 1065.2555657434 860.6117155286 1209.6049414831 1088.4533562348 1189.2445929116 1324.8096553143 1435.7465429930 1834.7463004175 1644.1580980900 1768.7139604823 1859.8587344168 
0.0457200804 0.3559631878 1.4070576872 5.9249444748 14.9644503254 35.4633586248 70.2213223558 97.1532274270 123.1940582511 196.4566966053 248.2379121939 388.0605370505 501.2451714138 617.1949353302 874.4639558136 1032.0194263477 1042.1776736621 1365.4393789475 1319.3381790188 1416.2334147841 1703.4658592311 1670.9239180782 2056.3312930753 1973.5644839238 2044.7818500688 
0.0312576303 0.2164703910 0.8565509925 5.2965271752 13.1692388095 27.0723309950 54.3116800254 117.0129881939 152.1614384255 229.1423292481 293.6411816045 405.6207662215 615.9782223403 682.5834623887 840.5961333774 1461.2825872027 1126.5362867853 1397.4018885056 2102.6965494966 1559.2578423675 1680.1714968169 1926.6967734438 2088.5443298030 2193.4685651795 2291.1167820566 
0.0335902441 0.2355981851 0.8822102100 3.5726948408 14.9728478864 28.8745404687 61.3147778204 115.4099874548 146.6227816418 236.8517550640 325.9088025079 443.2054416393 887.7862168010 866.9663351611 1143.7862727907 1076.1206076131 1258.5762405070 1599.1653759265 1920.4779144493 1685.1265232544 1838.5415305966 2312.0267042541 2238.0540056620 2314.5091160550 2796.0214230698 
0.0634482130 0.4627988092 1.6930412385 6.3765465165 16.3845709176 30.8600966237 61.8438240490 132.8601153218 166.9019538676 503.6660010810 359.3996678828 490.0213671499 635.1736428333 837.9350402392 1025.8196950890 1177.8733647661 1326.7882135697 1688.1739040837 1687.4983671587 1903.9221266285 2004.0695504285 2184.5321626170 2340.5830705306 2504.7110306914 2927.0760632353 
0.0681134989 0.2761863871 1.1061451514 4.0975423180 17.1977345017 34.1598708183 71.7981973430 150.5159833468 262.7036407939 370.9472446353 349.3613189785 529.6004627598 712.6257301425 906.1908671865 1067.6423386321 1221.7170209042 1757.1178644430 1629.9666896812 2188.1739041419 2080.0693265628 2694.9334726669 2916.3953010575 2494.3899639766 2832.5190811302 2909.6399313421 
0.0793102663 0.4875249579 1.6160635860 4.8220650642 22.3547688802 42.6675312920 73.8901225850 148.6685203272 189.8459514487 433.0775188282 400.6750704139 592.7487076842 773.2117864653 962.4139249790 1164.7643085453 1340.8261332079 1963.5965812486 2200.3788232105 1939.1741466825 2128.7835668772 2324.4466941105 2526.6258607153 2871.4016459417 3014.3873514025 3878.1005654018 
0.0625152024 0.8089648909 2.0970571204 5.2806651220 19.9763935525 41.7913859710 78.8768730708 168.1032712804 204.6354526537 334.8484706949 399.1555787507 650.7105267956 823.7944837310 1031.4078041120 1420.4741821741 1437.0854871231 1646.9120309339 2041.2847332191 2080.1966894651 2483.3732994739 2749.9990669312 2730.6655532448 3827.7212756802 3147.6710769930 3542.4902494997 
0.1194319921 0.3587623942 1.2792281341 5.2265474806 21.3302666671 46.5257432079 87.1633978095 178.5554332309 218.1056039990 368.4886259725 856.2846399145 648.4987030271 907.4304401875 1110.7036221656 1520.5124376807 1560.6844943832 1778.7247840315 2325.8980723331 3452.7254744899 2620.9598410060 2951.6781122074 3599.7252131929 3853.1346221571 4138.6292384122 4423.1068169465 
0.0727788429 0.6531434483 2.6508294977 5.8852893417 25.9367943509 46.9932073611 93.2740216958 190.0610222365 233.0989792245 416.6313658352 883.4003583179 714.3187713227 966.3117920863 2144.3866982590 1834.1761994525 1641.7195401737 1899.8021908337 2441.7279377813 2343.6467800057 2960.8860358130 3197.4504077225 3424.7014201246 3515.3614682495 3976.1751916958 4541.4820758742 
0.0835090177 0.4063485540 1.7168343184 6.2053296133 25.3181742155 50.0326572219 101.6837106436 198.0093119782 261.7999701179 431.5081083332 498.6321309116 807.1519211517 1086.1575569143 1316.9621363631 1547.2456006100 2081.8407449406 3120.1387463370 2854.1903820005 2693.5492750490 2885.0150223006 3907.7416164801 3417.1968014562 3681.4847817877 4109.8158135428 4556.2295892742 
0.0881743617 0.4427380045 1.5946031781 6.6807247931 26.8376658787 53.0744396965 106.0215164325 210.9653460793 273.6237333738 461.2709239591 536.9287327048 815.0423610350 1129.8495903611 1486.6460148478 1700.8901412482 2359.6543937456 2632.7392837848 2871.9689476420 2854.3546009460 3014.6462761331 3997.3057831521 4019.9721947429 3918.2250359445 4334.3366861227 4528.5129788681 
0.1035698806 1.1290051625 3.6188813974 9.4094649539 33.8575587375 71.7772034113 147.2838561749 278.4733237349 370.6887864973 579.2640939471 691.7363352841 900.3694925923 1205.4602795397 1512.8342694952 1817.3125011963 2227.1539739450 2526.1658611125 2928.8376845652 3350.0032657175 3502.9573403881 3725.9517233470 4014.2035381868 4298.4333886998 4563.6437008507 4849.4835501187 
0.0676470227 0.5052531487 1.8330005696 8.2179446472 31.6238080268 60.8557112864 126.7751506530 244.8191725416 355.3865675931 501.0594920604 676.3949278975 1033.0602571485 1344.4902681513 1640.3838617844 1978.5642973147 2250.5934275105 2551.0804859223 2878.4024110064 3217.8574094432 3587.5543508446 3995.6528635230 4215.8242670703 4509.7332375590 4810.2790788398 5053.9155952283 
0.0737119117 0.9386605234 1.9776251866 7.9860787373 32.4164442718 67.0815682388 162.7946143271 260.4381659767 361.1622222234 527.9461436439 716.1606359296 1047.9076081538 1384.8969899700 1949.6710955864 2080.1892250311 2414.6080205683 2760.9266240033 3087.3780021211 3494.0755220596 3861.8568869424 4581.9172560587 4573.3979323413 5412.4960344634 5172.9318678263 6300.1516226213 
0.0779106631 0.5659021554 3.0217217281 9.0637654648 39.1363577219 81.0005224776 150.6083565182 316.2315487280 438.5424636421 596.9978725770 789.5002518781 1114.5567022031 1436.6408830392 1822.4284808384 2198.5374251381 2699.9748073285 2926.3594715158 3336.5732360980 3632.3385335854 3981.7688991898 4343.5912628192 4768.5441431240 5099.6799597051 6119.3400451448 6066.8357064133 
0.0821094145 0.6013585371 2.3270569509 9.4771119766 38.1015918101 75.6256181630 152.0424730261 325.8532853215 408.4456117707 598.6153358244 813.3516524686 1186.3511672709 1718.7102282769 1953.6454736954 2806.5902178059 3582.7584115323 3509.2928321683 3504.7786777141 3917.8494784283 4363.0945938057 5069.4300856558 6508.4922648966 5938.1426465698 5937.5954056159 6346.1683804053 
0.0863082241 0.6433463423 2.5883143535 10.9602142475 51.9039132632 79.7782111331 162.0267042308 318.5152182123 463.2574131829 641.1513054045 858.9643943706 1255.6492246222 1657.7014948125 2075.0023326254 2522.5143225398 2885.3686528746 3335.5986526585 3766.2889320054 4170.2357847826 4583.3205814706 5127.9358799220 5420.5978129175 5808.7469908642 6516.8734954204 6765.6819751137 
0.0923731714 1.0417638696 3.0917013064 13.7976561091 43.2796200621 103.0170564190 187.7097057295 340.3544703033 452.1903633140 759.8722638213 919.9386045220 1353.1518838718 1768.6761714867 2234.0712299338 2665.7500886358 3106.4889805275 3485.3658536449 4096.8322540866 4576.9734263886 4848.3186220401 5307.9235635814 5749.2843413493 6186.2821206450 6642.1160915634 7105.6268311222 
0.1147666480 0.6797357928 2.6326347725 14.0388527070 44.4604101940 86.5709034260 177.5635881932 364.2226659576 485.3476589778 786.8349599885 945.1093548560 1428.2923096907 1912.2716330457 2401.4677067171 2828.9216600824 3417.9269225569 3790.8182021347 4221.6913616867 4713.0059529445 5195.2969004051 5980.1113143330 6123.4025976737 6567.6078153192 6993.2539608562 7516.3407169748 
0.0989045948 0.7543807151 3.0179893947 12.4573124340 49.8399798525 94.5915054181 200.7343198638 386.8984081782 511.2051430042 933.8118386804 992.5826226245 1513.4062365396 1992.0405135490 3021.8667773879 3456.1176217976 3694.0251367050 4246.8317875755 4465.7258290681 4966.9019538560 5553.0133241555 5922.8562897770 6402.3905051872 6817.0904323924 7281.0705021839 7749.1425159387 
0.1063690870 1.1751917773 4.1497937636 12.6411256497 51.8721891567 100.5103849457 198.9022524212 404.0434246999 509.8134808941 819.1044469713 1009.3544143019 1501.3883964275 1973.9647675888 2521.0344859515 2989.7703733877 3606.0457760468 4341.4540840313 6114.9089331739 6821.5826599626 7572.9108739179 8175.0004665810 7177.6396327768 7212.7904155641 7703.6930599133 8156.4427939593 
0.1096348278 0.8416220080 3.6865284201 13.0432754522 50.5379103124 106.4395282301 252.3825741373 435.1199917728 562.3467445839 862.6709836535 1112.6257301657 1625.7553137839 2216.7465989478 2714.3640248687 3388.1099894061 3812.7428294392 4351.9057793892 4879.8173997202 5775.3662269097 5921.0013622651 6596.8112602131 7070.9365144721 7583.5589788621 8203.1122287153 8635.1493832190 
0.1838132157 0.9643197409 4.7824099311 17.7972269012 61.9721200783 113.8419765630 229.6606453019 457.5097505003 585.8664414845 905.7546606637 1180.1593670389 1762.2842293931 2269.6404911694 2880.2400768618 3457.2960792575 3981.2197920983 4563.1202530931 5181.6517998232 5742.7794987452 6332.0964039885 6991.7843880248 7448.0979528162 8066.4190942189 8637.7689552028 9123.2458432205 
0.1250303467 0.9783156565 5.8997517917 19.3992946297 66.4867411833 131.2589807203 229.2421669117 497.2763916594 610.3901132592 951.9235076150 1237.6658517751 1805.5727135506 2400.9060033131 3038.5144717875 3597.7583182394 4363.9021591516 4800.2869166085 5440.3726650053 6062.2450407827 6615.5602104845 7250.8980723214 7897.3585011554 8432.8456528601 9199.1901021102 9644.6586858947 
0.1306287013 1.1555974488 5.8045794722 18.4172466979 63.5634575156 124.1663090186 248.1366749271 549.0604064544 615.4225838254 1030.9911919176 1281.0821654275 1901.2344411458 2545.6687256228 3165.4305148404 3816.8394386885 4414.1344915843 5089.7671077400 5712.4951014412 6446.8033291632 7107.1892436594 7635.1302554249 8279.7698135837 8927.3527161567 9525.9773826110 10209.0740291751 
0.1502230298 1.6118648346 4.9475618871 16.7993169744 62.5100304023 129.6149253030 292.0414466062 586.0306604300 677.8421072522 1079.5990632032 1419.2388079246 2065.1631925721 2671.2495568208 3377.6083751582 4003.1117621693 4715.1170059806 5355.2158172824 6063.9427473070 6689.0603131615 7409.4374568667 8063.5629910394 8847.7223953814 9426.3454755419 10972.6230242522 10761.5737025626 
0.1422919449 1.1210741359 4.7679474228 17.5942858914 71.6643029009 131.9247205392 278.4374008770 603.1766100205 696.8378524762 1157.0735439309 1426.0380316409 2117.7062533679 2803.8656763965 3493.8497209805 4375.4399387981 4924.4905480882 5685.9462182620 6415.3297441662 7110.0378822885 7799.8894321499 8462.7913486329 9163.1795024732 10023.6344636069 11152.4688823847 11383.0672551412 
0.2062067506 1.3114188332 4.9545599031 18.4559687623 69.6120327921 143.8585851574 286.8984082015 643.0094985408 774.7550711501 1162.0584283373 1501.1122100404 2216.7960512452 3005.6384943891 3732.1435236372 4482.2559576132 5181.3942747540 6062.7428294392 6678.0175229069 7440.5126243364 8119.5840408909 9250.7861048798 9693.7391530955 10523.5994737595 11142.1660103952 11887.6327280886 
0.1637524110 1.4887006255 4.9041745369 20.1564744930 80.9310093755 179.4689010130 297.1578927827 630.7392651215 827.3415194126 1274.3669173797 1574.0818668273 2365.8284658450 3196.6717673931 3921.2229645345 4680.8209080482 5481.1120234663 6395.1564745512 7082.3529960471 7886.7556496989 8627.4114990956 9430.0735253491 10186.4356093574 11044.1884225584 13777.7357381419 12571.5173456701 
0.1800809405 1.7000391963 5.3487786208 20.1462108525 96.3610577164 154.6774404123 322.3095153808 697.2577304114 820.5399630824 1324.5787224732 1698.5182973440 2508.6084311479 3295.8357437165 4135.2417563903 4936.8494224036 5753.7448448129 6586.7687125574 7409.6828521579 8219.1697613453 9058.6905406089 9917.6325415028 10866.7442662991 11628.4346017055 12416.8814264121 13201.3258812367 
0.2715211012 1.4691062970 5.1980891149 20.7037154469 81.3102991669 167.2924403101 329.8738499871 723.6269991263 852.0107488730 1383.9317371603 1761.4761975710 2594.5303898188 3442.4967809464 4347.2791908425 5305.3707055515 6042.7808983368 6881.4567898517 7783.6014332133 8672.5409147330 9514.2749174265 10371.3680556975 11367.8723383928 12136.8349599652 13851.8703230075 13807.8591822414 
0.2719875774 1.4742381754 5.4812734597 22.4424767075 88.7836602051 193.1396606960 382.4360385770 715.4020564631 929.2813555221 1454.2179073323 1791.1237800145 2772.2479332588 3653.7117211265 4511.9777185027 5406.9153898745 6307.6203183155 7256.0229160008 8119.3470431608 9029.3247429654 10086.7677794886 11311.4136824152 11783.0597906141 12624.5236717514 13511.4384085173 14556.2566480949 
0.3009125357 1.6062664217 5.7910500909 23.4119282686 95.3911396209 184.0740291518 364.1106984578 803.4420661861 980.9291432612 1515.2896224754 1918.1942448486 2841.9644690002 3801.8479294842 4720.9542426281 5638.5065407376 6611.2121409969 7549.6062477469 8645.7181779551 9463.3166625863 10400.9624535684 11403.4248045064 12311.3329725456 13374.8745031771 14185.5827905820 15112.9592998186 
0.1959430519 1.5320880339 6.2132606981 30.5857764324 120.7298412337 198.2640378992 380.1248437376 810.5487338617 984.5116352662 1669.3880978273 2015.8989120391 2982.2620225023 3973.8943214179 4912.2525052517 5953.7770354655 6941.7927855393 7922.9579935782 8943.0846101022 9898.4683785238 10929.2076436104 12028.5451695672 12916.4909399697 13904.4875622494 15175.8579506422 15916.0663966904 
0.2705879742 2.0695317653 8.7423255318 29.6410510200 117.7127847914 214.5063168136 429.3424711213 841.5026032599 1061.1029727734 1649.8208520934 2101.6790452413 3105.4374195519 4172.6673446828 5203.0679082964 6243.9369623316 7299.1476477473 8634.7257730667 9647.6981357555 10467.2695802874 11556.2211917131 12548.8854573341 14042.7015880705 14649.5348685421 15823.8369380706 17173.1805288582 
0.2169369836 1.7000391381 7.7388172504 26.9421688281 105.9090823983 208.2594658714 470.3566163080 833.5781065980 1117.6460708957 1733.3886949928 2251.8320674426 3694.6027021622 4360.1269897190 5400.8500195923 6499.2082968238 7612.8338029375 8663.4374941350 9768.1839811848 10984.7033795668 12410.1577808033 12998.3027600101 14107.1337264730 15251.9538321067 16323.8010151545 17408.8790191454 
0.2304663067 2.1469759522 7.9660178744 28.4014779609 109.8055499024 217.1165581094 497.9705898440 883.2263422082 1175.1744826324 1819.9661298422 2266.5413253126 3419.0251366817 4658.1549629336 6030.4355534026 6862.6667848439 7922.0669192146 9073.2043219032 10851.2722302112 11487.5207606819 12803.4220053232 14246.8789072009 15695.7694963785 16227.7702614083 17222.4373448989 18356.8374792812 
0.3648272832 2.0550693735 7.3208054528 29.1138708708 118.3803907479 225.4385392298 496.2099016993 934.1197491740 1170.2353183064 1903.8820049609 2349.2432865896 3563.0269467947 4762.4101927504 6065.3022188344 7108.4306827979 8323.4263907652 9489.4452012959 10673.4987030504 12192.4799858243 13145.8390094922 14448.7632261589 15388.1948980270 17088.9105566312 17825.8476869087 19033.1885531778 
0.3862876911 2.0009517320 7.5050852029 29.0494895889 118.3915875154 245.3948719194 520.7876909990 955.2172168624 1233.5547800758 1992.6148133236 2445.2087259851 3673.2416443992 4955.8904212317 6163.0554052535 7412.2646350297 8654.1110717226 9873.9129826427 11609.1122846701 12903.2074010465 13618.5693359002 15219.0153395641 16180.0478660734 17593.3323380305 18985.9723440022 19959.5461585559 
