1.0000000000 8.0000000000 32.0000000000 128.0000000000 512.0000000000 1024.0000000000 2048.0000000000 4096.0000000000 5120.0000000000 8192.0000000000 10240.0000000000 15360.0000000000 20480.0000000000 25600.0000000000 30720.0000000000 35840.0000000000 40960.0000000000 46080.0000000000 51240.0000000000 56320.0000000000 61440.0000000000 66560.0000000000 71680.0000000000 76800.0000000000 81920.0000000000 
9.5489666855 0.0065314234 0.0214604661 0.0097971642 0.0242596434 0.0783772848 0.0881744490 0.1296957489 0.3886207414 0.9489250660 0.3177079489 1.2983571505 0.6694727053 1.1527993483 2.8547062248 1.3104869577 2.3872416641 2.2276878881 1.5759433736 1.7695539573 2.1423126163 2.0704667841 3.3664912917 3.9155988779 2.6657609851 
0.0419878343 0.0447870116 0.0074644922 0.0261257519 0.2038742532 0.0751115440 0.1399594476 1.4681746252 0.5085193261 0.5486410519 0.8990062051 2.9186210595 2.0317446615 3.5050511360 3.3935501124 2.3844424868 3.3884182631 4.9298383237 7.7542200161 5.0441385538 4.3042195903 5.7821913797 5.9016234300 3.9202641638 5.6571609457 
0.0069979578 0.0069979578 0.0107302330 0.0466531492 0.0685801497 0.1226977911 0.2649899106 0.4996552307 0.6550101971 1.0482962534 1.5992699773 2.3755783914 4.5664102945 11.5466545685 11.7122732336 4.6695137571 5.5545239884 6.2314611860 6.9088649470 5.5433272501 7.6343214023 9.6879930643 12.1946668078 8.3784391754 12.8454782534 
1.7149697815 0.0074644922 0.0116632727 0.9811157361 0.2286004310 0.4175456997 0.9074037662 1.5792091144 1.4975660888 1.9468359533 2.1082558378 2.9442802770 4.0392297087 4.2491688801 6.0121914139 7.2228406207 7.6455181697 8.8501024875 10.2576280187 7.1878507733 8.0378711573 7.3590678221 7.6375871140 10.4391087661 11.9520704320 
0.0083975610 0.0111967383 0.0452535751 0.0937728328 0.1800811442 0.2589249634 0.6190873100 0.6382150750 1.1098784162 1.2740975362 1.5936715936 2.8486413066 4.6569174156 4.7964102996 5.2316841902 5.7136112300 12.7876283368 8.8435710350 14.9999207060 10.6205895427 11.3992305996 12.0127194969 16.5436734096 14.1685615818 13.3871212893 
0.0041988096 0.0060649181 0.0592494907 0.0513184641 0.2458620875 0.2598580613 0.7025964442 1.8801219412 1.6281949065 5.0390067045 4.2575664411 6.8818061263 8.9294128702 6.9765119988 7.1052747080 15.6474663818 17.4146877252 23.5047898896 14.4074256823 14.2399408796 15.8270810498 16.7638762796 22.9216254957 19.5733289584 24.7117068502 
0.0041987805 0.0186612597 0.0149290136 0.0835091341 0.2668560192 0.6881339650 1.2745640706 2.6195743703 2.1535093838 2.8010551177 4.4147875451 7.3609339597 6.8771408114 9.6697983390 17.6848094561 13.6082572280 14.5571822941 16.0062291252 18.3785418049 24.3207534659 25.6979544356 22.7322137216 35.2497202985 44.1506747447 39.3122765818 
0.0499188900 0.0284584239 0.1786815701 0.1254969684 0.4142799880 1.0226370359 1.7107710009 3.1145642570 2.2202233959 4.1787226219 4.2864913994 7.6623133209 12.0509750850 13.7925371819 13.2826182526 16.3995151815 18.0594342237 20.4625379702 22.8105910064 25.9638773859 31.4708151855 33.8855822338 34.7183409322 33.6896390072 35.8249536657 
0.0069979869 0.0167951512 0.0391886279 0.1436917228 0.4963895190 0.5910953914 1.5059636789 2.2062274511 5.3413191054 7.3530029331 6.9601834111 9.8041594028 15.9521114838 14.6448902087 37.3831688485 27.5309566932 26.3781573740 25.5337353738 30.5638779828 31.8281783257 37.4153595185 47.5540219923 40.6983416469 43.8255023037 46.8029063195 
0.0055983837 0.0139959448 0.0503853953 0.0909736555 0.3456998384 0.7585802232 2.1138541924 3.1346251490 5.5941791798 8.6285000434 6.9629825884 16.6234502976 21.7277714110 20.1914831996 34.9912618403 26.9636543817 29.9877115467 33.7362921273 43.8264353434 41.3892748184 44.3330885610 47.4859084061 58.3523600362 67.6041461702 62.3743280885 
0.0387221226 0.0209939026 0.0564503134 0.2006085415 0.7772414538 1.5670793073 3.3571606327 6.3093719655 8.7633276125 9.9277902627 16.7983996216 14.6612188255 18.6887852324 30.7971436996 33.7022353197 32.1958051354 39.3668607867 41.4895790746 54.7302095219 54.0863960341 59.0167008922 60.8529688907 85.9206392488 77.4596240080 72.7621183905 
0.0079310266 0.0139959448 0.0755780784 0.2687221568 0.9041380545 1.0501623910 2.2458826134 6.9503862469 6.3485606224 9.0348489757 11.7062083154 28.9296181290 22.6524368336 29.1647500126 33.5258864507 40.0092746422 46.8257663306 66.1345719418 82.6628498326 86.7389354971 75.1316318347 74.5708610048 99.5825476421 113.3405614528 110.0557131867 
0.0097971642 0.0298580271 0.1059026399 0.3396349493 1.2414403318 1.9309738709 4.3793311343 6.9545850274 6.8519480992 16.4554989606 29.2613220226 21.0820918146 30.9678942140 43.9029465197 43.1886868028 46.9004113693 60.8399059856 77.3196645896 75.6490152853 97.5410057872 90.7632361923 97.8498496115 100.7400122762 105.6544550520 115.8901560993 
0.0107302039 0.0228600402 0.0555172446 0.1987424039 0.7823733031 2.9624750023 4.4325157360 9.3460254720 14.8944845714 28.6874882586 16.3962494698 23.7721124140 32.9585841391 42.2724189411 56.0952806845 69.3709009502 96.1624052143 76.0101106716 80.2676771127 102.4246574962 105.5485524121 104.0402560611 121.8766882666 130.2919833979 155.3162663768 
0.0447870407 0.0429209031 0.1212981879 0.4581339308 1.7378298216 3.2904466498 6.6653355025 13.8172633597 9.5774251095 19.9792113563 19.1371219989 28.6259061249 39.0944063838 52.8813451820 58.9667820313 68.4247750614 91.1392605922 109.1301147244 123.5342746659 115.9652676724 148.0789632478 142.1124919434 149.4888214511 169.0285601362 154.5264285523 
0.0130628760 0.0373225193 0.1497566118 0.2785193210 2.1763694240 2.0891280437 4.1427996766 8.4610152408 10.5492101866 19.8929030157 24.8031470401 38.7272460794 44.4585855294 66.0538619850 75.6541471637 77.3779810115 91.0482869367 115.8318396774 115.9167483856 151.9787000434 153.4809314471 160.5358207598 166.2778904138 177.4877092394 193.7710580532 
0.0107302330 0.0265922863 0.2024746791 0.5435092025 1.5400204866 3.0385196442 5.0142805267 10.8449911640 15.7188457379 27.0536949974 35.8874688682 50.8108783979 60.7722589339 64.0491761442 82.0638233854 132.6447017200 102.4862396589 138.1413758209 130.0867095415 163.2337723859 169.0490875335 170.3404466680 201.0111603595 227.7774719405 251.7315316654 
0.0186612597 0.0531846017 0.1782150357 0.6582759379 1.4961665147 3.3263695659 6.4409338520 14.6294946899 15.4655191291 31.7633304221 29.7852368967 45.0963340991 64.6426042076 86.7743919080 100.5720609392 110.9631169529 134.2159798078 168.2237932691 159.8598166311 186.0905500362 208.1798833678 219.8021160148 225.2582018555 247.6115919999 268.4655499179 
0.0177282200 0.0611156283 0.3363692085 0.7791076205 3.2507914875 7.1425971983 7.0469582570 13.9824154903 17.6274260739 46.5565776976 34.6255011682 66.4508802874 68.0086289649 84.0409838420 124.4038893783 143.8400580955 154.4909721415 174.6871206560 198.3617279911 227.2708187520 224.2336986819 251.7618562269 269.2040692491 313.5198961827 283.5690405918 
0.0209939317 0.0676470518 0.2085395681 0.5211156677 3.3520288125 4.7474245075 13.2667561993 35.0943653320 20.4811992589 30.7019712636 48.4740221291 58.5608996043 81.1792796594 95.8041090053 117.5015558838 151.0316410859 172.6884997042 204.0930674411 221.6603109555 259.8631756555 250.1080020447 294.3986362370 298.3473588247 337.4594933994 356.4603882260 
0.0209939317 0.0727789011 0.2533266088 0.8999392448 2.7502031880 4.7768160002 8.9755994850 18.2203876029 39.6775707486 43.8343663700 54.1279173340 67.6475336077 111.0107031709 133.9108682296 144.2347437260 168.7579718418 209.3914656434 199.1636956227 260.9618573042 275.8987962443 299.6895699471 317.0529392082 358.4226196690 360.8709769615 397.1456669969 
0.0158620533 0.0457200804 0.1894117740 0.6704057450 3.1001018069 6.0873029579 16.5124158084 20.4569396155 25.2850740799 40.1016478718 52.4833938107 80.8755676553 120.8129964361 131.1042147281 151.1995924229 194.6388066572 236.4512255299 237.5667023298 265.3313913324 330.0486405788 341.5668366943 343.3508531307 374.7027028003 429.5546770154 434.1243530216 
0.0247261778 0.0508519297 0.3018458665 1.0846857331 3.8736110146 5.4420899251 19.9983391503 25.3307941603 29.0761090000 47.4775108451 65.5266813992 110.6999931799 122.8741325904 142.4120051670 196.5417886386 223.2105951116 253.1115318125 290.0029764569 326.5062669234 365.7056428783 373.2247310109 461.7052286048 455.8689195837 448.6446793599 480.0333849853 
0.0270588207 0.1478904742 0.3559635370 1.4093916689 5.7761264616 12.0799000433 13.9119692321 25.9116258821 41.7886257637 50.3158884821 69.4152214273 94.3877194077 134.4772374723 176.6311574029 210.2050965768 243.1076969369 267.8688561136 294.8511717841 349.5211987174 384.5577141619 397.8627258912 449.8921845516 500.1903448428 519.4259050186 570.2964994125 
0.0289249583 0.0625152315 0.2155375551 0.8327587275 3.2899801154 8.2515426038 19.5929232577 37.6990106597 43.7443258124 87.5175765832 84.1268256481 119.8295480572 149.8438518902 197.3964743374 227.4863563071 299.5887991274 295.0975004060 337.9325563437 404.9796639010 419.1864810418 454.9475198728 514.4928009540 525.5873864808 609.9931979843 626.0675406957 
0.0727789302 0.1250304340 0.4152130277 2.6886210253 5.5223333475 8.0145445827 16.1004684924 41.7853600811 39.8072664975 81.6518760694 78.9114700747 117.3704605317 164.3403851194 228.9312043285 253.9559538127 309.5464474172 329.0166729130 390.0665180408 434.0198499849 476.3687801023 508.9004879119 557.0973903232 591.3104776700 635.6281706539 699.9484016269 
0.0401216967 0.0737119990 0.2817850327 1.0315011314 4.2123128660 9.4379321963 19.4772234827 45.0744070986 43.8003095915 70.1868645265 94.4399709115 138.6839519546 212.3516079737 256.8087939289 287.3008260212 340.3225972143 383.3316693781 435.6466453173 476.9617416023 501.4154565579 609.3036644161 603.2658137847 633.9878459112 704.1709781915 782.3178031249 
0.0368559849 0.1450912678 0.7618459349 1.5549494710 5.3175260255 11.1790277297 19.5793938765 42.6391126821 47.0058475039 92.2318773519 116.6226105415 155.2434874466 208.9594574645 265.9145556972 313.2465087110 378.6304314854 430.0711273972 460.4871148767 554.8487085034 570.7476353855 613.6974580586 732.0872898854 776.6704393434 798.6520038976 840.1518466708 
0.0419878343 0.1189655450 0.3456998384 1.9020489126 5.1005888381 11.6035713872 21.3214224786 64.8007584095 53.7910815910 114.9920829339 115.5827118200 179.7307926754 245.0619973824 274.8481673189 374.5384837384 406.4725646749 487.6588423213 495.2311150264 597.9809449927 592.0256704558 675.3701227717 738.0696233013 816.0428984847 834.5548683137 981.3844602031 
5.9734692913 0.3928195219 1.0524950630 2.5873837003 7.7015019779 12.5189062092 27.6415246481 46.8071050709 69.3079191842 102.3150226101 113.9041315182 197.0381781284 280.9751254681 301.2183936371 411.9435795583 426.1835204379 509.1020294931 567.1259513765 658.7494716514 733.9030304865 746.0015918186 849.4031662703 892.1514473332 935.8817772008 1018.2404484658 
0.0564503134 0.1950101578 0.6951319228 2.7833268978 7.3436723033 13.1683180225 36.3157447719 51.1481806752 71.0830715252 103.6721627170 139.3641548930 217.0976329071 286.2595277547 361.8138371385 434.5983490348 483.0532433989 593.6697274155 607.6283498260 688.1376902456 795.0583117781 886.9687489059 918.7297466851 950.5714544503 1057.4790130777 1150.9131421044 
0.0578499166 0.2052738564 0.8098986582 1.6575863992 6.6378101474 23.1315646961 37.0752580639 54.3149964651 73.7520982220 111.5420825372 144.2799972720 263.0948393198 304.6362033929 381.5187279542 437.2515136783 548.7254826003 588.6447166558 679.7181963047 791.8835649325 837.0363493159 898.9119552425 1006.3658222789 1041.4415263513 1103.7603371660 1249.0993609536 
0.0625152315 0.2230020473 0.8131643990 2.0406087569 12.9527804966 16.5469391213 44.7305733978 69.4670064258 85.7638846792 128.6847823940 180.7543627801 252.0562375721 332.8002433409 435.5855296890 482.5241966464 609.3666461820 635.0972578221 719.4172275194 821.0072601505 873.3908162394 976.0813966568 1051.6231097281 1162.5563686830 1254.1201729036 1304.3814772100 
0.0597160251 0.2701217600 0.5575051473 2.2724748997 9.6310762165 17.2318073746 35.7852984744 67.8658703400 89.2376782140 137.3650674068 191.4076095272 276.7315549718 438.5843941709 475.3242160659 529.7829042247 589.6360961196 704.4266374432 803.3723695844 933.7721217307 969.7146413382 1101.6562801087 1163.1134072959 1259.9224251462 1348.4514419979 1394.6464577748 
0.0746450387 0.2551927464 0.7721096335 3.2829821575 9.1174250410 18.4466553910 34.9693348981 71.2794812862 96.0201130947 144.0485976636 205.4240817961 311.4671575895 399.5464380714 479.0485370031 589.1252441215 696.5375898289 772.7581062354 874.2137778027 931.5159754478 1075.7105974481 1173.7946459034 1270.8602561033 1387.8994792467 1418.1974342791 1559.0913459309 
0.0704462582 0.2757201146 0.5966937752 2.5981139042 10.4447071499 19.8509151815 41.1149543070 75.9144717013 109.6493642544 190.9448102815 210.3156645317 328.5664700088 451.5409068845 516.0206916044 607.2910475486 754.2190775857 876.7988288018 942.8111695161 1022.9682786448 1152.8534466051 1256.9436215272 1342.9566340055 1518.4895762941 1499.4508924137 1663.0075046269 
0.0835091341 0.2953144431 0.8248277009 3.3254364971 20.2325379360 22.2171629430 58.9317921549 96.9251842180 121.0387976898 171.5534286050 228.3032529522 354.3106110592 462.4708067859 581.6607401648 661.4945429901 848.0996772414 880.4284438665 1016.0869390820 1095.7481252262 1270.3937246115 1356.3311590115 1444.3670520268 1541.9327839918 1684.0928621532 1776.0224271042 
0.0947059016 2.0182152803 1.6314606473 3.2134689682 11.6763503174 22.4653577025 44.5225003350 104.6705401386 121.3658362976 189.0241000801 260.6273542333 450.2336856385 503.0175257125 586.1319780233 794.6906849684 1041.0780982929 988.3133860130 1115.5831783544 1234.7829088976 1332.3038538510 1489.5156376879 1547.9356447759 1714.4360707316 1812.5215187611 1925.5919585121 
0.0942393672 0.7688438927 1.3776675332 3.4700612596 12.4377297179 42.3750558693 54.9233535421 110.9136646264 132.7044177742 211.3140419533 255.4749803967 426.1485305906 516.9238965900 661.4059020067 753.1329922786 901.3943693426 1025.2561491216 1175.2824148280 1339.0816234169 1409.5358104969 1586.1086514487 1711.4199445932 1844.8512184259 1910.5393197387 2111.9195065112 
0.0895740231 0.3340365656 1.5824748552 5.4705483490 20.2096778958 26.0665143433 50.8188094245 103.1804385129 147.0418637327 233.5797241831 296.7140320688 432.7560161473 575.6228895334 690.9154187597 820.8094507863 988.7397957791 1113.1408859801 1279.5088169805 1642.0952302578 1571.2650188070 1829.1542996885 2011.9063503225 2660.0016421871 2325.6987008790 2447.0906629285 
0.0947059016 0.3769574687 0.9433266823 3.9361262461 20.7382581139 31.6742229334 55.5690331094 121.2599336286 145.5657580809 239.0959925833 303.1880896306 442.0175994455 580.2788738511 751.4203551691 886.7140227230 1064.9589125533 1197.2541822179 1351.5179535316 1533.6555821705 1617.1628540324 1823.9146844717 1871.7481588246 2075.8855467429 2284.3406836910 2623.2249643072 
0.1707505435 0.8607505879 1.1201421439 4.9624955282 16.2264319952 40.5317899131 61.2551190134 135.1952294353 156.6379501019 260.1197679760 324.5645628194 475.0666906766 631.7648233380 843.9251534001 996.3983768248 1109.5770518878 1290.1322057005 1428.0057924334 1561.1034962640 1788.4839499311 1942.0059361437 2066.9654645317 2220.5933534133 2358.3643032471 2536.9861505460 
0.1105679839 0.9736512438 1.7709535605 6.9611164799 20.7340593333 38.7015868619 65.4319755267 144.1171777842 158.8227171160 285.1057953667 354.3488666764 512.1988655883 654.9733657157 878.6439608957 1015.9726388520 1226.3368226704 1434.9883693794 1548.6811621231 1651.1198155640 1889.0172887186 1987.1927773347 2224.7422180080 2387.6433534606 2549.1962128726 2847.5370402739 
0.6433469243 0.5141177098 1.6445235524 7.6917047845 25.6261085742 34.3012617959 73.1092178321 145.8405451267 175.5847272580 285.6647000881 377.8788492200 523.1427614635 753.0158928421 887.3195805936 1097.0600118162 1292.3141735082 1466.5086368914 1660.4425144615 1859.9052567733 2008.3821714215 2196.8147095467 2372.4185645697 2531.3233912457 2749.2197260726 3039.8595180595 
0.1240973652 0.5561055441 1.7588237533 8.1489056465 23.6974673753 37.9658667080 72.3189134442 154.4564488286 179.2591293051 330.7423729275 395.1964984008 589.7214713623 748.2530728157 947.2166264604 1162.0823726698 1385.3498846292 1568.8959718682 1716.2616084679 1958.8584534067 2065.4977564409 2369.2760084232 2567.0247140224 2683.7313002616 2926.1872526840 3060.4592162999 
0.1394929131 0.7581136888 2.9041585512 8.7022120133 19.6908948710 38.7029864360 87.9355887882 154.3230208044 195.5308148754 350.9455193707 416.3527687197 618.6137669720 808.9017008897 1028.4131677472 1258.3544127701 1453.3426515118 1650.4195517628 1826.2655366561 2040.0102077110 2220.8144893521 2429.1562591097 2674.0629014967 2822.6765098516 3015.6899207796 3255.3429519758 
0.1320284209 0.4851927515 1.2223125377 8.6229016597 20.9248707106 40.5513842416 92.5481856975 162.2064700350 214.9142654962 364.4558049855 428.2315936871 660.6141980446 880.7293566933 1092.1698286838 1317.4079696764 1525.0886643189 1754.3408423080 2194.7727011866 2236.2632133591 2381.7296001944 2635.5880489573 2804.8708687420 3029.6182186285 3297.4068313197 3600.5972536223 
0.1460243657 0.6242191594 2.7954567340 9.4085407036 31.5379957319 57.2028264287 86.4590166020 182.0919085876 227.1873095888 374.4055222196 475.5677455105 743.1594819063 968.2273389481 1137.5946009357 1403.5973310529 1691.3595567457 1820.2253533818 2107.4403376260 2255.7693617418 2537.4806739273 2761.0934191907 3030.4262511781 3365.4336550389 3593.7900925346 3788.2544164313 
0.1740162552 0.6419473502 3.1341586146 6.7315829801 28.0124171986 58.7297840393 113.3344965638 211.3425003772 291.2416175823 461.7882712046 601.0675173893 895.8599061880 1024.3995972851 1368.9382396406 1542.8663135390 2056.7348953336 2151.8373409926 2515.0358435931 2898.8279795740 2855.2987247822 3047.2451781679 3544.9545085139 3821.9109316706 4272.5267065980 3982.9100182105 
0.1749493240 0.5103854346 1.7798176850 6.4913192473 24.2829644121 49.1280992865 103.7775988225 196.7885837948 288.3743150160 515.0862290175 559.6129281330 761.6607215023 1068.7723410374 1284.3761401018 1680.4235919553 1966.6947829828 2320.2374831890 2471.4949255576 2803.1526332488 2923.2257107215 3178.5602651362 3584.4963185955 3962.5855735503 3953.0454709602 4176.3022526866 
0.1698174747 0.7487830590 3.4476677829 10.8477903414 29.7026608023 51.5489312238 107.6054897858 218.1072070671 292.0449848461 461.9123685989 582.3456083890 869.5176717592 1147.2056163184 1461.3432001497 1716.2546105101 2023.6573456787 2420.0892194931 2584.5005174051 2745.5719163117 3180.4576487339 3626.6255123774 3598.0369287718 4018.5240996070 4240.5870272487 4519.2817467905 
0.1744827605 0.9825153393 3.2321302278 10.0803460518 28.3520521189 54.6728261106 110.6146179372 220.0843675528 306.9231408008 476.7532020342 597.2867461096 865.3613426432 1196.7190705764 1445.7433199568 1756.4584287757 2028.5778533726 2335.1254363079 2619.1810692544 2890.0520555617 3426.7209646932 3429.5252855227 3763.5539063194 4022.6645666698 4311.6565693635 4573.8766621216 
0.1982758695 0.8705477521 2.9913999606 12.7615025849 36.3619313866 57.3040637828 117.9382293485 234.4959920156 316.2649674923 496.5569975611 655.4977470951 921.6376375407 1242.4097658077 1577.6984881668 1884.0874503949 2200.1835335104 2482.3865698709 2776.6219200566 3029.4731273316 3406.1683861655 3698.0188273592 4064.1102917725 4224.2383639968 4598.9168071537 4881.7249349086 
0.2020081156 0.7459838816 2.2006290674 8.3238549705 30.1570625161 72.9235382751 142.4656562740 257.8188346233 336.4793107321 539.4536356325 677.0090479113 963.7383728696 1325.4005872586 1645.0828979723 1951.9090002286 2301.9447831903 2574.3119360122 2903.8277976215 3222.7058080316 3526.8428227573 3852.5153978844 4146.3369346457 4440.4976398218 4790.6542544661 5048.4894176770 
0.1968762954 0.8845436969 1.9001827750 9.6133480256 33.0071034259 65.5318132485 128.4239912929 285.9754100500 374.4419116993 532.8876713465 708.3067799103 1061.2569851510 1392.6389727276 1702.7382599481 2025.7679341885 2384.5511827094 2701.2355620100 3071.2421587668 3404.9395422044 3762.5919183774 4027.8626605868 4383.4030487051 4950.3013326903 5001.3310143549 5354.0027003037 
0.2169371292 1.0440974729 3.6436109804 9.6600011748 35.1657446590 70.0231119699 133.3505638759 284.4624484133 397.1862552571 589.7774551413 759.7833987384 1117.8887770220 1459.1486360296 1775.9538469836 2181.6137137939 2497.0631842152 2978.9533645962 3250.1308620849 3640.9522281028 3968.8986777619 4316.9773610716 4645.8111536631 5190.9774674568 5370.4386049067 5692.6504494040 
0.2449290187 0.5481744884 2.8924952785 9.4934494409 37.7871851379 70.0716312567 143.4892264078 295.4548635462 424.9276176561 598.5230545921 781.1230159423 1174.5798183838 1527.7628228359 1902.3946128727 2248.3692391543 2665.1022310252 3039.6948324051 3393.3765590191 3748.9384075743 4117.4367080093 4478.8343990513 5852.4990692677 5232.3597442883 5727.7326848998 5994.0554556670 
0.2514604712 0.9307303408 3.4276069200 10.2212385682 37.0048118057 76.8344718090 162.5008514093 321.5904245153 399.3108396535 673.6976073589 769.0286534198 1181.9118274143 1599.4481865491 2043.6276929395 2385.2617101511 2757.1223030973 3209.0532302973 3577.8566423396 3992.1543398232 4384.0566593281 4953.2554101315 5144.6401595895 5529.0089284827 5921.2840066466 6302.7962031774 
0.2892495249 1.1028804583 4.1427996766 19.3913816765 39.8170636618 80.4524236009 167.6340974809 329.8195736133 443.7582284445 683.7751542043 842.5516846764 1308.9147637656 1701.3200042129 2075.9751207952 2543.1550965295 2906.0144307441 3385.4198643530 3795.6246810209 4717.7405133261 4649.8475841363 5162.8353544802 5554.8799661046 5885.7287082064 6240.2422604791 6657.5238934020 
0.2911156625 1.0954159661 2.4427589087 11.0665936663 49.1285658209 91.8656501162 175.2511572267 357.8837758105 494.9213381333 745.5667844624 882.6971865201 1357.7582788421 1801.9373186980 2230.4749570321 2665.9555171500 3280.3616365418 3537.4802073929 4042.8313236625 4476.3972384972 4831.0064297111 5257.1768873022 5668.7122517615 6149.6315800759 6529.7451151710 7019.9255602201 
0.2593914978 1.1966532911 2.5780530705 14.1340382106 44.3601474108 103.2434202789 212.1472672152 480.2442572254 599.4393224537 812.5219852955 934.6706614306 1469.8401383066 2040.7109380176 2416.1031743570 2859.0757637867 3334.1307911905 3807.1955952037 4223.6822584528 4891.8827251764 5432.2764217795 6173.1079115416 6568.0926046334 6935.3485316678 8205.5817694345 8475.4245203221 
0.2836511412 2.3993715004 15.7431053522 24.2950942193 68.2423612452 132.6960202132 190.5421935662 402.9749780311 486.6142782848 782.3831175338 973.4328973573 1418.6998886871 1958.4996906924 2464.1363242408 2909.0940051537 3467.1991034993 4099.3730749760 4368.6704505235 5010.7866747421 5372.9854003759 6070.6575947988 6467.0190223551 6932.6365840971 7546.0611212184 7774.1161794111 
0.2995132236 6.9522523554 5.3245239833 22.2479540389 54.8575725988 125.4596501531 217.8422171855 440.7402361976 553.9669639838 799.0051682282 1014.8790890235 1527.0438978332 2124.8568914598 2783.0675192527 3229.8129488481 3606.7139480729 4100.2646166889 4934.8829332739 5143.3469342592 5736.5683249373 6268.0316756305 6700.2185233578 7241.4361145638 8114.9365657184 8081.0122613912 
0.3349696053 1.3692699431 3.6478097609 21.6517267691 61.8154233380 120.3222053009 274.3853681022 435.4880245810 569.4380814675 947.6015149266 1085.8375966491 1640.1087391714 2174.0153153078 2792.8026320005 3185.2722537878 3659.8056989606 4167.6359636185 4729.2143889354 5237.0096637460 5980.8059611532 6316.6731825331 6766.9451237889 7273.8250637485 7708.4831288375 8341.2621916214 
0.3102434275 0.8574848762 3.6230836122 17.0027404092 52.4292761402 105.6586538325 217.6840630127 448.0148618459 556.0962137242 864.1903485695 1119.0429759445 1684.0723347850 2207.7002889710 2767.4858337850 3291.2238893914 3872.3196599167 4407.7891165507 4979.8495715950 5438.5606010328 5997.3748272751 6570.5078382161 7125.3915365669 7593.1784697459 8409.8987719917 8720.4445298703 
0.3456998384 1.4504464343 3.5059842048 13.4127805359 54.9919336627 115.6918802299 226.8434758880 485.9266108833 590.6545343460 898.3180606447 1169.6033269109 1681.8623750878 2272.8332178085 2886.5110815095 3448.5672351148 3985.8752924192 4562.6505147084 5145.8732023311 5810.9833644121 6408.5467637051 6835.9707913769 7492.7692283236 7973.8210515643 8501.8628602847 9040.4851367930 
0.4287424381 2.1954972181 4.4964305707 15.0451742520 73.2076559507 114.0842126624 238.1134772731 495.5973422620 624.3236459559 968.3952902560 1251.9363389874 1803.0262032116 2409.1784473567 3093.6473339098 3608.9313722623 4180.4898394039 4882.9215881706 5393.2683237363 5957.1682098031 6534.2704707000 7075.0415913062 7802.0082314615 8637.1751890983 8915.4952838435 9495.6971800129 
0.4040162894 0.9647871193 4.2626982904 14.9276083102 82.4879005086 129.4358980958 241.2742281449 513.1393930933 643.9245002985 992.0731633611 1289.6703395236 1920.1022823690 2537.2180167178 3105.7146376406 3754.2881242698 4386.9757468929 5001.7952132039 5936.4952660981 6227.5465388666 6839.1581345932 7521.8999215285 8089.6053050237 8689.9375687644 9385.4240631335 9968.8898136665 
0.3797566169 1.5787425800 4.4077895873 16.8921724253 63.7347339070 130.3815574502 259.6681654686 529.1838777775 669.5436109148 1066.1550993391 1328.0672813125 1946.9674986321 2656.1770169646 3241.2896236929 3919.8097671033 4624.3273782311 5238.0131729878 5845.0177701889 6502.6191078359 7523.8756824110 7740.1419561938 8430.7653262513 9128.1086159870 9762.5657925964 10430.7480645948 
