1.0000000000 8.0000000000 32.0000000000 128.0000000000 512.0000000000 1024.0000000000 2048.0000000000 4096.0000000000 5120.0000000000 8192.0000000000 10240.0000000000 15360.0000000000 20480.0000000000 25600.0000000000 30720.0000000000 35840.0000000000 40960.0000000000 46080.0000000000 51240.0000000000 56320.0000000000 61440.0000000000 66560.0000000000 71680.0000000000 76800.0000000000 81920.0000000000 
0.0009331852 0.0023320317 0.0046640635 0.0144615769 0.0550523400 0.0765100121 0.1422911882 0.4520695657 0.5966927856 1.2661665678 0.6676055491 1.7289649695 2.5691874325 4.6065300703 3.5577677190 2.7063488960 4.5057591051 4.3336097151 3.8423519582 5.7276040316 6.0201194137 4.5122895390 7.3371380568 6.7035891116 7.3502007872 
0.0013988465 0.0069979578 0.0097975135 0.0368542969 0.1259632409 0.2780519426 0.5187839270 0.9498577565 0.7576476783 1.4803037047 1.4915000647 2.7315411717 2.9699392617 4.3219458312 6.5272375941 6.2081329525 9.5676239580 8.6070355028 10.1507883519 13.7673374265 14.2609290779 25.9078815579 16.5119431913 14.8870125413 15.4155921191 
0.0023320317 0.0046640635 0.0107288361 0.0727791339 0.1352932304 0.4898570478 0.9801816195 1.8726550043 2.9727369547 3.9757806808 4.6307891607 4.9111749977 9.0633034706 7.5405463576 12.2763030231 15.7664250582 18.4298530221 16.0043556243 18.8100747764 18.3626711369 19.9120212346 24.7844737023 26.6715921462 22.6734206080 25.2915937454 
0.0027995557 0.0083968043 0.0163279474 0.0564511865 0.2136696130 0.5500391126 1.0622907430 1.7093718052 2.5747865438 6.3084363937 4.4096540660 7.2205048054 11.1533645540 11.8522271514 13.2891442627 22.7443333715 29.3938033283 20.1737452298 25.2505373210 33.7703339756 43.8404101878 37.5235769898 33.8123217225 36.1281819642 37.6905947924 
0.0027995557 0.0088643283 0.0247266144 0.1073013991 0.3233067691 0.7987003773 1.7070379108 3.3128373325 4.9536284059 8.9727956802 11.3777648658 11.9702592492 14.1816176474 20.4284712672 25.6965421140 46.6419309378 48.1973476708 47.5302077830 73.4114963561 71.9946417958 60.6299377978 76.8955517560 95.0053632259 138.7650649995 128.1360816211 
0.0046640635 0.0200606883 0.0587832183 0.2220682800 1.1252723634 2.8271786869 3.8899388164 8.0341361463 9.3352906406 16.4839494973 21.0470929742 29.6396669000 53.8815632463 35.3915300220 41.0944074392 59.5718454570 84.2448193580 72.6057961583 55.1104079932 77.0448427647 91.4844516665 127.7096718550 111.0241804272 151.0269064456 137.9197090864 
0.0055972487 0.0242590904 0.0853743404 0.3335699439 1.3254154474 3.4126769751 5.2083563060 10.3649254888 11.6763450205 16.2884742022 24.1593215615 31.6098276526 41.6257865727 69.0023079515 67.3283934593 99.0012027323 78.9552871138 90.9418743104 83.7843511254 120.3062869608 179.4162672013 213.3223600686 338.8314042240 275.3089722246 325.9546756744 
0.0088643283 0.0312570482 0.0900402665 0.3904867917 3.5092476755 3.2974444330 7.8638512641 15.4585149139 19.3321220577 26.4024045318 31.2762558460 52.8174061328 53.3007308841 73.5435243696 68.0015999824 112.6537732780 107.7621951699 130.6455526501 147.4873330444 154.0980804712 146.1446546018 137.8459967673 158.9737981558 173.6574042588 159.5550980419 
0.0060647726 0.0242590904 0.1268964261 0.2841185778 3.3366326243 4.5421496034 6.5477676690 17.2723885626 24.2890175432 31.9415312260 28.8708228618 53.8806300610 67.6577668637 79.4134214520 94.2122582346 114.8497387767 122.1308894455 117.8509332240 152.7064181864 176.9030634314 156.6719338298 175.0294715166 234.4865519553 234.8033264279 240.1474434882 
0.0065304339 0.0293906778 0.1189652830 0.3755576909 1.4485809952 2.9363483191 11.9124092162 19.4119010121 18.9910884947 23.7790979445 56.5431248397 52.1367359906 65.6726751477 139.1238272190 144.0872512758 174.2554977536 179.3672814965 196.1008235812 202.7960158885 281.6780582070 248.6947607249 210.9509818256 310.7443545014 335.6431294233 308.4252290428 
0.0079311430 0.0359229743 0.1175645739 0.5089864135 2.8472412378 7.4864272028 7.3833242059 15.9357767552 26.4481250197 54.9331251532 39.4923388958 63.8284757733 82.8097686172 122.4588621408 139.5217776299 189.4182302058 243.1780304760 253.9199125022 273.3052186668 240.0746624917 277.5054015219 342.7325394005 407.9251531512 364.4831608981 369.9434418231 
0.0139959157 0.0438541174 0.2738535404 0.5551725626 2.8173811734 4.4213160872 9.7449067980 24.2003761232 25.1026470214 40.0820355862 60.2697767317 71.9498544931 141.0534009337 171.5650111437 176.0908327997 213.1404131651 308.6146395653 303.8331605494 251.1697094887 408.6963292211 417.2081928700 339.1584418714 355.5285576731 426.5350848436 518.4725392610 
0.0144615769 0.0727791339 0.2677887678 0.6876662374 3.1476859003 8.4283538163 22.1532378346 33.1792384386 31.7591167986 59.1790266335 60.4503247887 98.4768215567 124.1159830242 182.3110934347 235.4060839862 257.3965024203 396.7745881528 307.3354102671 374.1338271648 391.0101298243 507.3345713317 471.5828802437 445.1506175101 603.0028741807 560.1193197072 
0.0125970691 0.0615827739 0.2365317196 1.4817025512 6.5328367054 7.1309302002 19.5317976177 27.8705786914 39.2278172076 53.6170415580 83.9774962515 137.3393442482 157.6507166028 240.2682732791 298.0211153626 324.0279015154 283.2768596709 323.3318366110 502.0282454789 508.6119342595 467.1125784516 601.5057768673 671.3492404670 567.7601695061 742.9781202227 
0.0195931643 0.1156982034 0.2435296774 0.9675864130 5.7443995029 11.6222277284 21.7174962163 51.3291712850 47.0781382173 73.3657758683 87.7256095409 137.2749637812 183.5394706577 223.5431279987 364.5461425185 434.9937643856 456.9664541632 455.6718319654 580.3975686431 574.6993552893 542.6547210664 681.3843287528 683.1856071949 785.0634418428 822.9593113065 
0.0233259052 0.1390259713 0.2929829061 1.1378694326 4.8010740429 19.3367898464 21.8373965472 46.5980768204 48.9400643855 85.3794217110 96.0835162550 192.5085335970 265.4091771692 337.0338603854 413.7208722532 369.8025494814 579.0003072470 517.8529843688 518.6904091388 731.7309845239 803.1452596188 837.4180477113 878.2036118209 889.6037712693 907.1570094675 
0.0284574926 0.0951718539 0.3312360495 1.3897959143 12.0425727218 23.7520411611 39.5212639123 48.4254807234 82.0082668215 101.8307153136 113.4081557393 267.5113677979 381.7816730589 562.3880606145 431.7537043244 464.2074871808 603.7283316255 636.4988889545 619.2260347307 875.8793529123 796.3758911937 891.7852696031 1023.2981052250 1147.9016114026 1173.5678315163 
0.0195950270 0.1138336957 0.4096142948 2.0406078547 11.4748030901 20.7097902894 26.8992595375 51.8992710859 73.5897105187 117.2192506492 151.3268854469 205.8709226549 307.0638906211 468.8839949667 480.8197338134 494.9845559895 713.1527774036 754.2145270854 864.7180590779 996.4100420475 986.1500859261 1038.3558683097 1118.9122907817 1128.5177040845 1237.6468349248 
0.0289250165 0.1964103431 0.4931241274 3.0609108508 7.6972991228 21.3671326637 29.3616130948 96.8378968537 92.9974112660 145.6002127379 176.9632436335 299.3791867048 352.4849079549 402.0893145353 579.0152363479 681.7384269089 704.2378298938 848.5826086253 863.0707375705 1053.5325985402 1131.5548233688 1319.8655080050 1397.9847710580 1316.3968473673 1412.3418051749 
0.0354573131 0.2248678356 0.4949886352 2.0079519600 12.5156361610 23.2813116163 34.0824425220 69.5346202701 83.0962173641 178.5536520183 235.3972215205 367.7465468645 385.6748770922 503.1129289418 674.2482669652 680.7241868228 774.4423896074 925.0167589635 1018.6477210373 1097.4266603589 1279.4517688453 1407.7646676451 1509.7838602960 1456.5936960280 1535.8331017196 
0.0419877470 0.2719871700 1.3776663691 4.3298769742 12.8673985600 33.6779598147 62.1662270278 122.6025540382 162.3342242092 279.7167599201 322.2350217402 382.5850393623 424.2285545915 671.3455095887 605.2940096706 795.7078199834 975.8327472955 1100.3326829523 1020.3193034977 1339.0399422497 1441.3913078606 1504.4164191931 1551.7940688878 1650.0208303332 1926.3463746756 
0.0405889004 0.2953149378 0.6372816861 3.1318254769 14.2198745161 39.0873905271 67.8751692176 112.3705897480 116.6304871440 184.3283735216 251.5849228948 390.8459097147 582.1946468204 668.1852266192 783.0918803811 950.6251290441 1049.2395777255 1149.9916724861 1355.1002833992 1500.7424838841 1538.6952701956 1702.1137140691 1736.4504151046 1969.9586499482 2160.0776128471 
0.0494513661 0.1912768930 1.3179499656 3.3982135355 12.5025715679 24.8973742127 54.2230643332 117.5644826144 146.1539864540 212.5567831099 306.4135462046 496.1051624268 578.2048720866 728.9961781353 880.3263306618 1037.9131305963 1132.5200777501 1403.3909365535 1482.9480499029 1636.2894158810 1857.4709612876 1938.0871001631 2359.1306470335 2214.9090338498 2615.4732573777 
0.0536497682 0.5388446152 1.4331843704 4.1381306946 24.2073740810 44.4716271013 100.8085459471 183.7097536772 204.4396046549 279.8875104636 342.0243449509 679.5349996537 686.9738399982 804.4884037226 1254.0696691722 1343.3236349374 1351.6031634063 1602.2074390203 1971.7198070139 2164.1802880913 1993.6029221863 2453.3135145903 2953.5026922822 2767.5806488842 2868.0864162743 
0.0578500330 0.2509932965 1.7588231713 4.5500788838 16.3192637265 31.3784275204 72.7905426174 134.8256729543 213.2948338985 292.8552124649 406.1490688473 678.2669667155 719.5988390595 1095.2572897077 1251.4794878662 1630.9872865677 1836.5363031626 1912.3718962073 2074.2867086083 2509.5981806517 2859.0128477663 3244.1890034825 3565.2903523296 2965.5905198306 3439.2718560994 
0.0662468374 0.4348065704 1.4336500317 4.6499166638 19.0036837012 49.2386426777 85.8585499227 200.1176588237 189.2297528684 368.5555122793 566.8980199844 676.3607207686 924.2138583213 1200.2263609320 1514.1477938741 1726.2011896819 2045.8427630365 2403.6778528243 2996.0368163884 3085.8804769814 3314.1299728304 3305.0596714020 3293.9226385206 3733.5094027221 3910.3000294417 
0.0443197787 0.4026163369 1.1499989778 4.4591072947 18.9299732447 38.8522576541 119.8290251195 162.5567600131 374.7258540243 416.0162061453 469.4732241333 665.3818394989 1606.6222246736 1348.0794522911 1395.0764145702 1639.8831065744 1883.4684174508 2089.4079208374 2265.3004769236 2537.7365481108 2979.4432315975 3118.5689251870 3573.9813633263 5383.0469064415 4039.4405536354 
0.0746436417 0.5631037056 2.2136904299 7.6539125293 30.1579814404 51.1845462024 128.7994887680 248.1545191258 324.3605382740 420.3092269599 754.7067180276 866.0392742604 1249.1640932858 1342.7833914757 1843.6411097646 1913.7738216668 2469.9150323868 2499.1511460394 2986.7383819073 3747.5589904934 3574.2416884750 3683.3302304149 4283.4550738335 5143.3767247945 6277.6183020324 
0.0872425735 0.7478483021 3.2899789512 9.6758585423 33.6826257408 74.1168912500 141.2432789803 332.0923596621 459.1059684753 521.8147709966 692.0744255185 1008.4036290646 1421.9476841390 1684.3925230205 2410.4290269315 3233.4349900484 3080.4855097085 2822.5874863565 3066.8310727924 3613.8856504112 5403.4021310508 5435.7145559043 6006.7945625633 6197.2452271730 5803.2171055675 
0.0961069018 0.7231235504 3.4238733351 13.6581696570 45.1751574874 95.5829285085 205.8028094471 543.3251280338 438.1657112390 567.8828675300 854.2542289943 1164.6622158587 1410.3427194059 1828.4102622420 1982.2116289288 3283.4970615804 4051.9426595420 3428.6116156727 3439.0796460211 3582.1256004274 3650.0912774354 3909.2120788991 4268.3273311704 4538.4554732591 4938.2891077548 
0.0933054835 0.7053967565 2.0602028817 9.7738318145 43.6244066805 54.6564720571 143.5731351376 240.2253542095 309.5505014062 623.3170460910 605.3877826780 962.9807416350 1316.3800518960 1706.1753347516 2003.8171578199 2345.8419702947 2623.8232329488 3044.8541827500 3314.3436443061 3629.9870461226 3942.2863479704 4619.3263381720 4704.3969165534 6212.1243085712 7104.6341024339 
0.1142993569 0.7543805987 3.3711548895 12.4885756522 51.0235931724 84.0017572045 139.4443325698 309.6526712179 473.2586611062 723.9081878215 773.0553913862 1199.1113517433 1616.6736409068 1839.8020230234 2265.5953243375 2502.4117324501 2932.8740797937 3206.0967255384 3650.8386600763 3972.1219576895 4356.3104644418 5078.4691609442 5100.1390721649 5270.8050794899 5787.0802562684 
0.1110341400 0.8187629282 3.3240355551 11.3059189171 37.2217316180 91.8716732413 157.1785863489 327.8898466378 433.5288573056 612.9273939878 862.0042465627 1103.8307342678 1626.6658082604 1958.7035849690 2389.7425644100 3296.3751927018 3460.6464542449 4001.2447051704 4196.7063825577 4446.0631534457 5151.3833347708 5434.7740300000 5894.2844774574 6674.6294237673 6465.1419501752 
0.0760443509 0.6690062582 2.3111961782 11.8923485279 44.4329045713 89.7064991295 146.0275556892 423.4144575894 486.2860795110 781.5551254898 889.8421674967 1234.1730426997 1819.5550311357 2296.5249475092 2783.3036854863 3082.0101350546 3528.9163086563 4087.8996234387 4604.5652888715 5132.6278448105 5818.6406306922 5436.0523242503 5910.9256491065 6332.9685069621 6778.5945180804 
0.0844411552 0.6046239287 2.8738323599 12.9313152283 63.5065697134 108.7685022503 195.5806426704 414.2709113657 406.5582156181 745.8752803504 910.8617343009 1350.9752135724 1846.4827500284 2313.0205627531 2702.1365724504 3235.5017252266 4012.4153308570 4071.7310495675 4622.6573716849 4959.3665264547 5461.2338170409 5876.3323538005 6403.4193940461 6842.2559779137 7688.8320352882 
0.0900402665 0.6279498339 3.0730422586 13.1687782705 50.3270626068 85.4097474366 205.0414308906 455.3326629102 494.3785313517 702.3880332708 1045.0538583100 1519.0636329353 2218.6804730445 2446.6243889183 2920.7410011441 3398.6369837075 3949.5385773480 4483.5032206029 4961.5368302912 5794.7668265551 5918.5277763754 7596.2820257992 7324.0969479084 7696.1122546345 7991.0304695368 
0.0942386687 0.7982347161 3.7775039673 14.2473988235 47.1019297838 101.2279577553 196.2001956999 380.7804975659 613.8539258391 795.2361572534 1136.4678647369 1542.0958176255 2237.2423522174 2732.0514917374 3255.5084507912 3841.1493636668 4257.1109868586 4866.4111010730 5236.2715005875 5780.9229753911 6594.9174221605 6899.5231576264 7364.0324901789 7915.5480414629 8576.9713632762 
0.1590866596 1.5465524048 4.6881735325 12.0705626905 48.9671230316 107.5653173029 258.2437247038 410.3114604950 600.4346199334 927.3022972047 1105.9837769717 1745.5976940691 2297.1127778292 2798.9688720554 3490.9999128431 4029.5962784439 4891.9952102005 5171.3723335415 5844.5783704519 6516.7580377311 6975.9218543768 7559.4241879880 8547.0634419471 8564.5275730640 9096.7520568520 
0.1777485013 0.8327588439 4.5780707151 16.3169316947 69.4674402475 141.3897685707 285.3361293674 482.7012531459 571.0874702781 1114.4503857940 1250.7764250040 1780.1937889308 2480.1031406969 3338.5538179427 3782.2936438024 4369.6812521666 5129.5757982880 5614.4944746047 6170.1654177159 6836.6244789213 7681.9278374314 8113.4268157184 10562.1818546206 11139.3309663981 9934.0590685606 
0.1908112317 1.1546649039 4.0994100273 18.3150842786 66.0407692194 132.1183927357 274.0050181746 548.7905405462 683.8420163840 1123.9946838468 1268.0385485291 1952.1600157022 3003.0016619712 3377.7783680707 3956.6186554730 4607.4801757932 5389.9380397052 5937.1106512845 6628.3504534513 7326.9969057292 7929.4763337821 8829.4221684337 9196.7758946121 9871.2508957833 10606.2051467597 
0.1273620874 0.9134691209 5.5946428329 20.3458964825 73.7646594644 130.2597317845 280.8345668018 509.1139227152 779.2252674699 1080.1822654903 1497.4301122129 2107.5112000108 2911.8881039321 3609.8202969879 4260.8194444329 5228.7860065699 5569.9785258621 7624.7138418257 7075.8939087391 8619.1261950880 8438.8277195394 9194.1880472004 10145.2633775771 10567.0585073531 11360.0263856351 
0.2076067030 1.6841776669 5.5060014129 24.7588157654 73.6233014613 154.9476347864 308.8124487549 591.0871997476 721.7504810542 1257.7491998672 1544.1835448146 2250.1997910440 3099.1882812232 4162.4989099801 4456.5619714558 5353.4916844219 6330.9069033712 6908.5505381227 7629.0810406208 8270.2741660178 9120.3753352165 9867.3012442887 11261.0648386180 11322.6287737489 12640.8366952091 
0.1399591565 1.7182342708 8.4064286202 26.7714299262 86.9404375553 182.5056374073 358.0496944487 702.8634287417 785.7497092336 1376.3456512243 1827.7286607772 2433.2372732460 3229.7610566020 4004.7045014799 4819.8657408357 5701.7652131617 6657.0346616209 7240.1124536991 8016.6267082095 8799.2506567389 9778.8958977908 10488.6882491410 11603.6798115820 11984.8368018866 12879.6269986778 
0.2085398883 1.7522908747 6.3019040972 21.7762812972 83.6761165410 174.0777492523 334.6480187029 723.8433416933 845.8692617714 1410.6734879315 1726.4232579619 2572.8267002851 3489.2462193966 4249.8946804553 5172.7509349585 6234.1828402132 6930.5110983551 7641.8579332530 8599.2370359600 9581.6231463104 10491.9152464718 11799.3929479271 12315.1847999543 15253.8578640670 16124.5549879968 
0.2878494561 2.0457394421 6.4913164824 27.0872730762 118.9020294696 198.1414332986 363.0238510668 719.0268710256 982.9174913466 1442.3682242632 2076.4850042760 2865.9837581217 3768.5081139207 4636.2017076463 5623.3417727053 6492.3953060061 7379.2852647603 8274.5811846107 9267.9541055113 10474.9997556210 11172.1117869020 12203.3194638789 13108.8188886642 14233.1606689841 15017.8228951991 
0.1674853265 1.3002231717 5.2881315351 21.7832773924 106.4801663160 199.4939073920 424.2458175868 822.0211155713 890.3852105141 1584.8268177360 2080.4388560355 2977.7441248298 4058.4237128496 4859.2297844589 5908.6932986975 6976.0221578181 8781.2756728381 8894.5480696857 9858.8971477002 10820.4451743513 12235.7153948396 13054.4689260423 13652.2293891758 14826.4205064625 15685.5509188026 
0.2789869905 2.2985991091 9.3544181436 26.4401920140 123.0728179216 193.5134418309 394.4078776985 902.6694465429 959.1085333377 1717.3468936235 2085.6220200658 3480.3853929043 4198.1712896377 5270.8363365382 6220.8820320666 7241.0693075508 8256.9826915860 9620.3032545745 10996.5364728123 11751.0575093329 12575.5955614150 13678.8720581681 14692.8073465824 15820.5818664283 16788.3240282536 
0.3009140491 1.8782559782 6.5053123981 36.0684674233 92.4072507769 222.6697802544 493.5565032065 887.0546426624 1152.6462361217 1802.5471679866 2238.0611151457 3267.1894617379 4460.1710587740 5524.5047882199 6962.4181073159 8115.4161058366 8979.0154229850 10122.4154755473 11247.6212736219 12926.0123372078 13464.8177102208 15581.5774258226 17270.0199056417 18327.4709004909 18012.4797113240 
0.3573633730 2.0658001304 10.1946406066 34.2597234994 111.1828014255 240.8290449530 528.1903874129 911.1789762974 1198.2743926346 1956.1563245952 2297.9058809578 3619.7616122663 4702.0455989987 5883.9307501912 7456.6459469497 8319.3280640990 9432.5211495161 10708.5770387203 12007.4005853385 13234.0942006558 14227.0514424890 15412.2904874384 16595.0205251575 20799.9905757606 19399.0727234632 
0.3466326743 3.0669774860 12.2333839536 32.0278387517 112.0062284172 217.4334339797 455.9036958963 1146.8715108931 1209.9694013596 1958.1554103643 2593.0279698223 3656.1160609126 4997.3165132105 6577.6315052062 7484.1866884381 8834.7387593240 10092.7608795464 11187.3015780002 12642.5479315221 14314.1173757613 15032.3371496052 16533.6114801466 17991.1060482264 18832.2204221040 19933.8234718889 
0.2383980900 2.7539338917 11.6264261305 46.8626003712 138.3316554129 329.9005962908 514.0498224646 1189.6365676075 1451.0802309960 2054.6788666397 2679.5765198767 4100.1194771379 5253.1678639352 6578.4763935953 7918.4321369976 9218.3636967093 10643.1478932500 12102.3243051022 13199.8326089233 14462.5937547535 16355.4543815553 17674.2123421282 19222.1929859370 20257.4912104756 24832.4298951775 
0.2575237304 3.1098984182 10.1185962558 33.3094000816 123.1148056686 304.6160005033 650.1374617219 1029.7166425735 1491.4981666952 2205.5788729340 2900.4114344716 4162.6090109348 5594.5385973901 6912.4306794256 8499.2001317441 10110.2362088859 11220.2139608562 12793.9727883786 14122.9449883103 15700.1048289239 16875.6941407919 18362.0390035212 20100.4759091884 21626.3821572065 22528.3485390246 
0.2458635718 3.2741166651 14.4731998444 45.4480778426 177.5977276266 308.4028344601 535.9543990344 1296.5356782079 1442.4503333867 2693.9764749259 2864.7469840944 4483.2498934120 5924.1877347231 7409.1698583215 8992.7724972367 10433.6160980165 12022.8451043367 13669.7718985379 15048.3331065625 16334.3097828329 18187.8310926259 19337.2965157032 20667.9029744118 22751.0388474911 24047.7261506021 
0.4348084331 3.5232454538 13.9875411987 53.2036945224 174.6725756675 301.8112126738 579.6693135053 1293.1626569480 1563.6066403240 2425.2595901489 3031.4619354904 4663.2325295359 7595.8714783192 7738.6934980750 9331.3137199730 10853.0211858451 12356.5927166492 14216.8026827276 15576.5006318688 18370.3563231975 18963.1640892476 22289.7415831685 21815.7122153789 24221.9816464931 25379.9416739494 
0.4250109196 3.7313178182 13.6558376253 38.5392159224 142.9391205311 314.7294651717 737.3858112842 1256.4877010882 1659.1181904078 2711.7065303028 3258.7461788207 5351.6992703080 6713.4816814214 8380.2355881780 10077.8817981482 11687.1749144047 13401.6950950027 15547.8775389493 17080.6618575007 18447.4048968405 20929.7361914068 22284.0503696352 23962.0346184820 24838.1943553686 26866.6397016495 
0.3755576909 3.7121903151 12.8440726548 47.6109161973 153.4108817577 313.0616173148 685.9530694783 1452.9211614281 1780.0062429160 2818.0625978857 3462.9814419895 5188.0979463458 6932.9179339111 8790.7910458744 10595.8607476205 14287.8707926720 14127.8682928532 15765.3636913747 17505.3616110235 19532.2865303606 21271.3611833751 23103.5055629909 25275.6000887603 26386.9643695652 30913.0021799356 
0.3223735839 3.1546857208 13.0530782044 49.4420528412 173.5515035689 339.0226829797 785.7543751597 1460.0992128253 1836.6618007421 3010.8398552984 3519.3860083818 5421.7732008547 7370.1846376061 9364.4565679133 10910.9349790961 12860.1945713162 14735.0816130638 17076.1728938669 18202.9826268554 20256.6439900547 22795.9518153220 23877.3610573262 26705.0136718899 29620.5929704010 30913.2242500782 
0.5323123187 4.5230221003 15.6329963356 63.1011538208 227.1792739630 387.0035577565 716.3741737604 1677.1976761520 1985.9476108104 3235.1700197905 3847.8986732662 5888.5064888746 7907.7579025179 9855.7993788272 11860.0807376206 13491.8989185244 15503.8607809693 17399.0741223097 19580.5267989635 21616.5775358677 26323.7083256245 25365.2529362589 27272.9632519186 30244.4735877216 30931.9503493607 
0.3256388009 4.2006466538 19.4912105799 65.0097355247 231.4055785537 409.1852549464 771.5540956706 1686.2684451044 2100.6438583136 3915.7407190651 5177.9173016548 7283.6034316570 8008.3065889776 10207.3367629200 12287.8115437925 14102.1661516279 16418.4944201261 18507.1418937296 20197.0954686403 24049.0478333086 26675.2415113151 26734.8758727312 29690.1341229677 31000.3900192678 33328.8373723626 
0.5649682134 4.7376248986 19.2010272294 64.4466299564 206.3724435866 379.8035811633 903.8325082511 1625.2251584083 2218.6781410128 3400.0160489231 4351.5747059137 6458.2928027958 8947.7974828333 10724.2842130363 12758.3722546697 15034.4631318003 17400.9379148483 19102.4791933596 21593.9689632505 26730.4405588657 26710.8392491937 29220.7434736192 33025.8351024240 33787.1054504067 37544.5838291198 
0.5850307643 4.9321688712 19.5798519999 76.7425298691 245.0847439468 396.3239211589 960.5967681855 1674.1582266986 2329.6719975770 3486.1503187567 4997.7042004466 7055.4892309010 9326.6488723457 11656.0381501913 14322.1295848489 16269.3252414465 18707.5828593224 21465.4937125742 23264.4364591688 26032.9044517130 28213.0293790251 31010.8006671071 32702.9977906495 35476.8173601478 37702.1902240813 
0.6517451257 6.4073409885 16.7592037469 83.1979233772 264.4420601428 431.3011690974 971.3414497674 1913.8727281243 2399.5551150292 3831.1543986201 4814.4007939845 7183.9892063290 9809.8493143916 12131.1690025032 14933.5155598819 16912.5309828669 19333.1569842994 22124.3287194520 25351.8340978771 30569.8399655521 29444.4853439927 34188.7398958206 34066.5245614946 37888.3142787963 39884.1878082603 
0.3895536065 5.1859617233 15.0386355817 58.9737519622 270.9067836404 507.6490119100 1148.2869666070 2181.5842390060 2537.4361034483 4056.3551113009 5109.7948700190 7617.1005163342 10259.7580850124 12889.0513963997 15495.4548198730 17842.0087173581 20721.9608873129 22862.5538200140 25408.1892091781 28571.5269427747 29771.0180506110 32139.6869290620 34751.0253190994 36815.9720711410 41026.7019178718 
0.7058624178 4.4959615916 16.6458357126 84.5275372267 270.7980815321 590.9071192145 984.3245502561 2055.6105282158 2554.2582869530 4020.6580050290 5116.7774442583 7927.3890722543 10113.5177891701 12839.4343946129 15361.5738712251 21075.8057329804 20826.1517845094 23070.1327137649 25961.3329544663 29448.5982842743 31239.4471783191 33632.6453406364 36439.3311068416 38892.8414974362 41224.7159872204 
0.6983969361 6.2020681798 19.3689800799 74.9039296061 282.1268606931 500.7135607302 1116.1564905196 2089.6416511387 2665.7186746597 4293.6758417636 5403.5136327147 8468.6558637768 11159.2891737819 13943.8240360469 16439.2387326807 19322.5471302867 22834.6795085818 24579.0292322636 28008.9098140597 30719.8045793921 32998.0065114796 35677.1934796125 41610.4897689074 41389.9207785726 44322.1655078232 
0.8327588439 5.9776641428 21.1180038750 84.9586110562 258.6794644594 551.7903380096 1147.7616522461 2250.0850260258 2763.0632258952 4485.2867703885 5648.0152141303 8447.2518730909 11251.8653087318 14287.7098396420 17127.3537073284 19873.2518479228 22892.1519629657 25373.2576817274 28423.7452298403 31007.8974422067 34357.4865907431 37197.0688775182 40010.3961825371 42955.1556129009 47325.9229511023 
0.7175244391 6.0215182602 25.1315739006 96.0112046450 361.1997123808 634.3117896467 1071.6181509197 2440.6000711024 2962.6499731094 4716.9120851904 5955.3772155195 8822.5361667573 12337.9781190306 15495.4268261790 20133.1251673400 21953.4938298166 25309.4921857119 26727.6171129197 30224.0619100630 33225.7059663534 36652.1692071110 39505.8519355953 42238.5659031570 48863.5060098022 48406.2115848064 
0.7669758052 6.5580308437 26.4756493270 98.5468029976 314.3375795335 549.5967064053 1282.1343243122 2422.1170339733 3110.2921944112 5240.6214382499 6174.9837528914 9128.1510107219 12245.0054325163 15674.2445342243 18654.3091852218 22796.0609830916 25225.2189088613 29243.3763071895 33540.5777245760 43694.2507941276 44865.9935556352 42682.7204730362 47626.5538409352 49277.4928044528 53295.5797575414 
0.8714795113 6.9611128420 27.4311061949 92.1861138195 282.7538773417 660.3293064982 1304.0090426803 2535.5317220092 3323.7717747688 5207.4011471123 6326.5000507236 9620.3699670732 12927.1907955408 16416.1972180009 19365.8384326845 22670.2650226653 27550.1458141953 29072.6244580001 35252.6537459344 36440.4251221567 39253.6987774074 45435.0945353508 46264.8619376123 49102.4110801518 52211.3521993160 
