1.0000000000 8.0000000000 32.0000000000 128.0000000000 512.0000000000 1024.0000000000 2048.0000000000 4096.0000000000 5120.0000000000 8192.0000000000 10240.0000000000 15360.0000000000 20480.0000000000 25600.0000000000 30720.0000000000 35840.0000000000 40960.0000000000 46080.0000000000 51240.0000000000 56320.0000000000 61440.0000000000 66560.0000000000 71680.0000000000 76800.0000000000 81920.0000000000 
0.1456959993 0.0593920015 0.0829439983 0.0573440008 0.0604160018 0.0573440008 0.0549760014 0.1487360001 0.1423359960 0.0645119995 0.1413120031 0.1189439967 0.1443839967 0.1280000061 0.3051519990 0.5447679758 0.6215680242 0.7045120001 0.8355839849 0.8151040077 0.8990719914 0.9625599980 1.0250240564 1.0885119438 1.1489280462 
0.1638399959 0.1689600050 0.1679359972 0.1730560064 0.1720319986 0.2508800030 0.2560000122 0.2099200040 0.2529279888 0.2897920012 0.4976640046 0.5509120226 0.7055360079 0.8867840171 1.1335680485 1.3373440504 1.4755840302 1.5964159966 1.6906239986 1.8984960318 2.0633599758 2.1760001183 2.3398399353 2.5303039551 2.6255359650 
0.2580479980 0.2027519941 0.1832959950 0.1843200028 0.1822720021 0.2099200040 0.2775039971 0.2815999985 0.3676159978 0.4577279985 0.5181440115 0.7229440212 0.9277439713 1.2472319603 1.4376959801 1.6803840399 1.9312640429 2.1053440571 2.2702078819 2.4442880154 2.5917439461 2.8098559380 3.0699520111 3.2655360699 3.3331201077 
0.2990080118 0.2826240063 0.2375680059 0.2406399995 0.3041279912 0.3409920037 0.4392960072 0.6062080264 0.7188479900 0.9431040287 1.2892160416 1.8831360340 2.3756799698 2.7801599503 3.3720319271 3.7867519855 4.2557439804 4.7677440643 5.3073921204 5.7866239548 6.1470718384 6.8075518608 7.2857599258 7.6912641525 7.7076478004 
0.3287039995 0.2785280049 0.2549760044 0.2734079957 0.2560000122 0.2693119943 0.5130239725 0.7065600157 0.9113600254 1.4438400269 1.7090560198 2.4473600388 2.9040639400 3.5840001106 4.2373118401 4.8158721924 5.4364161491 5.9811840057 6.6027522087 7.2744960785 7.7875199318 8.4264955521 9.0163202286 9.5856637955 10.1703681946 
0.3635199964 0.3502080142 0.3164159954 0.3112959862 0.3123199940 0.3328000009 0.4843519926 0.9175040126 1.1919360161 1.9435520172 2.3511040211 3.1682560444 3.9434239864 4.7534079552 5.4855680466 6.2289919853 6.9990401268 7.7434878349 8.5483522415 9.3153276443 10.1335039139 10.8380155563 11.6008958817 12.3678722382 13.1450881958 
0.4505600035 0.3051519990 0.3143680096 0.3573760092 0.3317759931 0.3973119855 0.6727679968 1.0711040497 1.3035520315 2.1114881039 2.6470398903 3.7273600101 4.7083520889 5.6360960007 6.5966081619 7.6072959900 8.6241283417 9.5467519760 10.5164804459 11.4257917404 12.4221439362 13.3048324585 14.2950401306 15.2934398651 16.2447357178 
0.5816320181 0.4853760004 0.5478399992 0.5263360143 0.5079039931 0.7720959783 1.4909440279 3.1037440300 3.9249920845 5.5306239128 6.9478402138 10.0423679352 13.1706876755 16.2498569489 19.5594234467 22.6007041931 25.6143360138 28.6791687012 31.8801918030 35.0064620972 37.8347511292 41.4248962402 44.3791351318 47.4398727417 50.4340476990 
0.6092799902 0.6031360030 0.5468159914 0.5396479964 0.5416960120 0.9287679791 1.7315839529 3.6515839100 4.6172161102 6.3938560486 8.2687997818 11.8691835403 15.4398717880 18.9347839355 22.8392963409 26.3884792328 30.2346248627 33.9312629700 37.4855690002 41.0777587891 45.0334701538 48.2007026672 52.2844161987 55.5816955566 59.1564788818 
0.6758400202 0.6553599834 0.6369280219 0.6369280219 0.6461439729 1.0926079750 2.0469760895 4.2526721954 5.3196802139 7.6113920212 9.4935035706 13.6570882797 17.8575363159 22.0078086853 26.1703681946 30.5940475464 34.6982383728 38.9488639832 43.2639999390 47.2637443542 51.2184333801 55.4936332703 60.2664947510 63.9180793762 68.7063064575 
0.7536640167 0.7208960056 0.6686720252 0.6737920046 0.6727679968 1.1509759426 2.3162879944 4.8527359962 5.9371519089 8.5053443909 10.7857923508 15.5525121689 20.2905597687 25.0408954620 29.6048641205 34.5835533142 38.8904953003 43.4954223633 48.7854080200 53.2172813416 58.1038093567 63.3630714417 67.6945953369 72.2821121216 76.5429763794 
0.7874559760 0.7823359966 0.7813119888 0.7864320278 0.7946239710 1.3035520315 2.5866239071 5.5879678726 6.9038081169 9.8119678497 12.3248643875 17.6803836823 22.8720645905 28.0023040771 33.5585289001 39.0737915039 44.2982406616 49.8708496094 54.6559982300 60.7272949219 65.6906204224 71.0676498413 76.4323806763 82.4760284424 86.9355545044 
0.9164800048 0.8939520121 0.8447999954 0.8355839849 0.8458240032 1.5022079945 2.9849600792 6.3293437958 7.6472320557 11.0530557632 13.4041595459 19.6597766876 25.5109119415 31.8289928436 38.2146568298 44.0268783569 50.0408325195 55.9892463684 62.3667182922 68.1584625244 74.6844177246 80.4270095825 86.5290222168 92.5808639526 97.7889251709 
0.9666560292 1.0014719963 0.9830399752 0.9758719802 0.9871360064 1.6558079720 3.5594239235 7.2632322311 8.7152643204 12.6638078690 15.3866243362 22.3170566559 29.1225605011 35.8543357849 42.5779190063 49.5646705627 56.7736320496 63.0937614441 69.8132476807 76.8798751831 84.0273895264 90.5134048462 97.0117111206 104.0281600952 110.5008621216 
1.0823680162 1.0045440197 1.0260479450 1.0280959606 1.0455039740 1.7991679907 4.0089597702 8.0844802856 9.4248962402 14.0298242569 16.8837127686 24.8514556885 32.0563201904 39.7926406860 47.6579856873 55.4106864929 63.0763511658 70.3498229980 78.2448654175 86.0549087524 92.8122863770 100.9817581177 108.9894409180 114.5118713379 121.6235504150 
0.9256960154 0.8468480110 0.8212479949 1.0188800097 2.2374401093 4.0550398827 7.8827519417 15.5607042313 19.1457271576 29.7400321960 37.0114555359 54.6611213684 72.5073928833 90.0997085571 107.8886413574 125.7277450562 143.5514831543 153.6194610596 179.3597412109 103.6523513794 184.1162261963 232.5299224854 191.6672058105 268.0504455566 227.2163848877 
0.8560640216 0.9103360176 0.8294399977 1.0373120308 2.2517759800 4.2936320305 8.9743356705 16.2406406403 20.1164798737 31.2289276123 38.8382720947 57.4330863953 75.5619812012 94.3370208740 112.8663024902 131.5655670166 142.1117401123 153.2108764648 171.5968017578 202.6792907715 128.7147521973 201.1084747314 253.8813476562 232.5463104248 256.8427429199 
0.4188160002 0.3430399895 0.3696640134 0.4382719994 0.9717760086 1.8667520285 3.8359038830 7.2888321877 10.1457920074 19.1344642639 29.6847362518 58.2072334290 82.1964797974 102.1757431030 117.5541763306 132.5260772705 153.5498199463 161.4315490723 175.0579223633 199.3902130127 154.5195465088 175.9938507080 196.7851562500 250.0730895996 268.6201171875 
0.4474880099 0.4044800103 0.3952639997 0.4648959935 0.9912319779 1.8360320330 3.9423999786 7.9902720451 10.7724800110 21.5162887573 31.1306247711 59.9644165039 85.1445770264 105.8938903809 122.6414108276 146.3644104004 167.0983734131 74.9844512939 208.4208679199 120.9190368652 240.7188415527 164.5762634277 237.6390380859 240.1034240723 257.7449035645 
0.4597760141 0.4607999921 0.3943359852 0.4936000109 1.0342719555 2.0049920082 4.1666560173 8.2667522430 11.1482877731 22.4450569153 34.0029449463 65.9507217407 93.1553268433 115.9362564087 138.2215728760 159.2586212158 65.0752029419 187.2138214111 228.2557373047 135.1741485596 242.6736602783 192.4935607910 190.7783660889 185.9307556152 296.2227172852 
0.4454399943 0.4648959935 0.3942399919 0.5017600060 1.0598399639 2.1729600430 4.2045440674 8.3702402115 