1.0000000000 8.0000000000 32.0000000000 128.0000000000 512.0000000000 1024.0000000000 2048.0000000000 4096.0000000000 5120.0000000000 8192.0000000000 10240.0000000000 15360.0000000000 20480.0000000000 25600.0000000000 30720.0000000000 35840.0000000000 40960.0000000000 46080.0000000000 51240.0000000000 56320.0000000000 61440.0000000000 66560.0000000000 71680.0000000000 76800.0000000000 81920.0000000000 
0.0450560004 0.0194559991 0.0194559991 0.0675840005 0.2273280025 0.4291839898 0.8611840010 1.7255680561 2.1739521027 3.4713919163 4.3345918655 6.4837121964 8.6282243729 10.7807998657 12.9587202072 15.1062078476 17.2247047424 17.7111034393 19.6394233704 21.6023368835 23.5345916748 25.4979839325 27.4616317749 28.2214393616 29.7059516907 
0.0358400010 0.0368640013 0.0368640013 0.1365759969 0.4717440009 0.8980479836 1.7994240522 3.6138880253 4.5225920677 7.2366080284 9.0489921570 13.6005439758 18.0499191284 22.5287990570 26.8894405365 31.3620796204 35.8318061829 40.2994880676 44.8073921204 49.2595214844 53.7271347046 58.1908493042 62.8113594055 67.2931823730 71.7383651733 
0.0706560016 0.0716800019 0.0706560016 0.2754560113 0.9572160244 1.7996799946 3.6438720226 7.3258237839 9.1709117889 14.7589120865 18.3708152771 27.5807685852 36.7235183716 45.9313926697 55.1423988342 64.3510742188 73.5375366211 82.8313293457 92.2079391479 101.3759994507 110.6227188110 119.9008026123 129.1407012939 138.4121246338 147.6187133789 
0.1269759983 0.1269759983 0.1269759983 0.4976640046 1.7352639437 3.3863680363 6.5898241997 13.2759675980 16.7363834381 26.6364803314 33.3202247620 50.0342063904 66.6233596802 83.3743362427 100.2539215088 117.0450897217 133.7599945068 150.5433654785 167.4834289551 184.1459197998 200.8053741455 217.5947265625 234.3930206299 251.1727294922 267.8325195312 
0.2078720033 0.2078720033 0.2068479955 0.8209919930 2.8661758900 5.3456640244 10.8646402359 22.1269111633 27.4304962158 44.0002555847 55.0440979004 82.6572799683 110.2385635376 138.0404815674 165.7998657227 193.5430145264 221.0765075684 248.8115234375 276.7308654785 304.2516784668 331.7522583008 359.4362182617 387.1676025391 414.8714904785 442.3759155273 
0.3185279965 0.3194879889 0.3184640110 1.2652800083 4.4197440147 8.2320003510 16.7522563934 33.7898864746 42.3022384644 67.8625259399 84.9038391113 127.7010574341 170.2266845703 213.0029754639 255.7761535645 298.5418090820 340.9671020508 383.7020263672 426.7612304688 469.1717834473 511.5868225098 554.3188476562 597.0391845703 639.7680053711 682.1748046875 
0.4638719857 0.4648959935 0.4648959935 1.8490560055 6.4622077942 12.0217599869 24.9621124268 49.4110717773 61.8551025391 99.2362213135 124.2060775757 186.8595275879 248.9087982178 311.4209289551 373.9032592773 436.3939819336 498.4145507812 560.8981933594 623.8532714844 685.8649902344 751.3241577148 816.8531494141 879.4711303711 942.4125976562 1004.9022216797 
0.6557760239 0.6563839912 0.6553599834 2.6119360924 9.1351041794 16.9935359955 34.6019821167 69.8442230225 87.4456024170 140.3639068604 175.7991333008 264.2227172852 351.9221801758 440.2503662109 528.5778198242 616.8998413086 704.5626220703 792.8139648438 881.8329467773 969.4669189453 1057.1328125000 1145.4310302734 1233.7298583984 1321.9985351562 1409.6424560547 
0.8888319731 0.8888319731 0.8878080249 3.5420160294 12.3893756866 23.0348796844 46.9268493652 94.7111663818 118.5966110229 190.5326080322 238.4880371094 358.2949218750 477.2058105469 596.9799194336 716.7204589844 836.4707641602 955.3170776367 1075.0489501953 1195.6848144531 1314.5251464844 1433.3920898438 1553.1572265625 1672.8599853516 1792.5875244141 1904.2774658203 
1.1622400284 1.1612160206 1.1667200327 4.6366720200 16.2211837769 30.1642246246 61.4366416931 124.0072631836 155.2808380127 249.5394592285 312.2779541016 469.1251220703 624.7403564453 781.5208740234 938.2809448242 1095.0510253906 1250.6378173828 1407.3753662109 1565.3007812500 1720.8883056641 1876.5025634766 2033.2564697266 2189.9926757812 2346.7416992188 2502.3742675781 
1.4970879555 1.4964799881 1.4980159998 5.9768958092 20.9095363617 40.5830078125 79.8393249512 161.1481018066 201.9553222656 324.3798217773 405.8286132812 609.6815185547 811.8818969727 1015.6193237305 1219.3280029297 1423.1060791016 1625.2795410156 1828.8366699219 2033.8626708984 2235.9001464844 2437.9196777344 2641.4667968750 2844.9985351562 3048.5361328125 3250.5878906250 
1.9056639671 1.9087359905 1.9065920115 7.6123838425 26.6352634430 49.5452804565 100.9713897705 203.9162902832 255.5156555176 410.1910400391 513.3168334961 770.7258911133 1026.7635498047 1284.2741699219 1541.6702880859 1798.9632568359 2054.3029785156 2311.5715332031 2570.7294921875 2826.1909179688 3081.5407714844 3319.0378417969 3567.4133300781 3822.7895507812 4076.2778320312 
2.3500800133 2.3501760960 2.3498239517 9.3888959885 32.8535995483 61.0369911194 124.4009246826 251.3387145996 314.8809204102 505.3685607910 632.3394775391 949.7282714844 1264.7158203125 1582.0728759766 1899.4114990234 2216.7849121094 2531.7700195312 2867.6472167969 3192.9558105469 3510.3415527344 3827.7058105469 4147.5195312500 4467.2758789062 4787.0239257812 5104.4609375000 
2.8999679089 2.9002881050 2.8997120857 11.5884799957 40.3258552551 74.7694091797 152.3783721924 307.9537963867 385.7400512695 619.0161132812 774.5463867188 1163.2803955078 1549.0960693359 1937.7766113281 2326.4799804688 2715.1738281250 3101.0202636719 3489.7304687500 3881.2888183594 4284.0585937500 4690.6552734375 5082.1289062500 5473.8657226562 5865.3574218750 6254.2021484375 
3.5061759949 3.5092480183 3.5091199875 14.0134401321 49.0421104431 91.1944656372 185.8549804688 375.6298522949 470.5442199707 755.2428588867 944.6479492188 1418.6816406250 1889.3797607422 2363.1052246094 2837.2563476562 3311.4624023438 3781.5124511719 4224.9379882812 4693.2993164062 5159.8632812500 5626.3964843750 6099.5390625000 6607.0239257812 7090.0878906250 7560.1787109375 
4.2065920830 4.1932802200 4.1917757988 16.7578563690 58.6453437805 108.9412765503 222.0529937744 448.8057250977 562.0819702148 901.9576416016 1128.5208740234 1694.8623046875 2257.0034179688 2823.3737792969 3384.3117675781 3926.1389160156 4484.0131835938 5046.0776367188 5612.2871093750 6205.5424804688 6782.7646484375 7349.0371093750 7915.5180664062 8481.7939453125 9044.6113281250 
4.9633278847 4.9715199471 4.9722561836 19.8398723602 69.4337615967 129.2463378906 263.5100097656 532.4412841797 666.8083496094 1069.8670654297 1338.6866455078 1998.4645996094 2651.6572265625 3317.0563964844 3982.4370117188 4647.7934570312 5308.2675781250 5978.4272460938 6694.6113281250 7360.0458984375 8025.5551757812 8696.0068359375 9295.6064453125 9960.9384765625 10653.4931640625 
5.8224639893 5.8265600204 5.8262720108 23.2796154022 81.4724197388 151.4551696777 308.8322448730 624.0091552734 781.5675659180 1253.9099121094 1568.8697509766 2356.5593261719 3138.0480957031 3924.5097656250 4713.2333984375 5500.1650390625 6280.9106445312 7067.6225585938 7852.2836914062 8570.2626953125 9345.1748046875 10148.3896484375 10989.7099609375 11776.3554687500 12522.0126953125 
6.7256321907 6.7256321907 6.7253761292 26.8901443481 94.1084136963 174.8042297363 356.5444030762 720.1273193359 901.8719482422 1447.0865478516 1810.5148925781 2719.1166992188 3621.0104980469 4529.6015625000 5465.7333984375 6401.5156250000 7310.2041015625 8225.7011718750 9148.0771484375 10057.1884765625 10910.9316406250 11785.0292968750 12734.0273437500 13705.9316406250 14613.6865234375 
7.7701120377 7.7711358070 7.7708802223 31.0712318420 108.7440643311 201.9880981445 412.0356445312 832.0992431641 1042.0971679688 1672.0310058594 2091.9970703125 3141.8645019531 4183.9560546875 5233.8041992188 6309.9741210938 7396.6572265625 8446.6240234375 9504.4619140625 10570.2285156250 11597.8300781250 12567.2812500000 13635.6982421875 14778.9199218750 15836.8261718750 16759.0488281250 
8.9190397263 8.9337596893 8.9198398590 35.6664657593 124.8243865967 231.8506927490 473.0008239746 955.0910034180 1196.1204833984 1919.2003173828 2401.2033691406 3608.8986816406 4844.3447265625 6060.3994140625 7275.1987304688 8490.0302734375 9695.1767578125 10895.6396484375 12032.5791015625 13234.9589843750 14534.8955078125 15749.0830078125 16870.0761718750 18083.8710937500 19390.6953125000 
10.2533121109 10.2642879486 10.2674236298 41.0047378540 143.5095062256 266.8728332520 544.5202026367 1099.2241210938 1376.8797607422 2209.7346191406 2764.1455078125 4152.7211914062 5530.6743164062 6882.7382812500 8228.7695312500 9603.6914062500 11017.1914062500 12437.2343750000 13832.8701171875 15105.5683593750 16511.1953125000 17977.3027343750 19362.8515625000 20604.1894531250 22052.0957031250 
11.6336641312 11.6346883774 11.6343040466 46.5249595642 162.8303375244 302.4404602051 616.9983520508 1245.7972412109 1560.1887207031 2503.2705078125 3131.9870605469 4703.7705078125 6262.4477539062 7776.4038085938 9336.3134765625 10938.7333984375 12550.3154296875 14122.0078125000 15699.3837890625 17124.2324218750 18750.0058593750 20386.7734375000 21824.2304687500 23492.3789062500 25101.7832031250 
13.1338243484 13.1530876160 13.1635198593 52.5226249695 183.8230743408 342.2197875977 698.0719604492 1409.6240234375 1762.6623535156 2804.4694824219 3508.7985839844 5269.7202148438 7017.6376953125 8788.3574218750 10619.8632812500 12394.2060546875 14126.5478515625 15809.1171875000 17691.2207031250 19490.5214843750 21203.8300781250 22860.3183593750 24788.3281250000 26400.7617187500 28336.4160156250 
14.7558403015 14.7710075378 14.7731523514 59.0141448975 206.5428466797 384.3164062500 784.0728149414 1582.8601074219 1982.2264404297 3181.6704101562 3983.3520507812 5980.3803710938 7913.9472656250 9863.1640625000 11843.0771484375 13925.5625000000 15904.3691406250 17788.7832031250 19852.2363281250 21898.8242187500 23806.0058593750 25726.4433593750 27831.3828125000 29698.7148437500 31837.9335937500 
16.5079040527 16.5457916260 16.5556163788 66.0208663940 231.0655975342 430.5404663086 877.9161376953 1772.2337646484 2220.1713867188 3536.9616699219 4410.2563476562 6623.6015625000 8820.4716796875 11085.4160156250 13348.1621093750 15559.4550781250 17657.4765625000 20012.2460937500 22284.4707031250 24385.3085937500 26606.2089843750 28843.2949218750 31071.2226562500 33385.2343750000 35413.7851562500 
18.3920631409 18.3937911987 18.3930244446 73.5590362549 257.4520263672 478.3760070801 975.5133666992 1969.4837646484 2466.4565429688 3957.3630371094 4951.2797851562 7427.9340820312 9827.5791015625 12293.5859375000 14889.8261718750 17374.5039062500 19819.6699218750 22139.4179687500 24801.3574218750 27141.4238281250 29728.1171875000 32181.5078125000 34576.5546875000 37034.5468750000 39681.5664062500 
20.4165115356 20.4327678680 20.4349441528 81.6558074951 285.7891235352 531.5860595703 1084.0914306641 2189.2700195312 2741.8552246094 4389.5083007812 5454.4272460938 8191.7387695312 10908.8027343750 13742.6083984375 16508.4648437500 19145.5781250000 21968.0175781250 24781.6621093750 27417.6816406250 30220.1562500000 32845.8359375000 35793.8945312500 38353.5039062500 41219.6875000000 43952.2539062500 
22.5832958221 22.6055355072 22.6068477631 90.3236160278 316.1270446777 588.2222290039 1199.2537841797 2420.8896484375 3032.7839355469 4867.0473632812 6087.5625000000 9061.0791015625 12066.4882812500 15166.8242187500 18260.3613281250 21180.7265625000 24310.8750000000 27411.6914062500 30263.0703125000 33476.0937500000 36408.9492187500 39508.5585937500 42504.0859375000 45504.3710937500 48603.2226562500 
24.7214088440 24.7111682892 24.7105922699 98.8303375244 345.9008789062 642.8047485352 1310.5513916016 2645.8789062500 3313.5278320312 5334.5444335938 6702.4990234375 10066.1582031250 13404.9326171875 16641.7636718750 20081.0136718750 23519.6347656250 26746.8613281250 30107.9941406250 33453.4648437500 36911.4218750000 40098.4726562500 43555.2929687500 46899.0820312500 50170.7578125000 53514.9414062500 
27.3663997650 27.3927364349 27.4027519226 109.4584350586 383.1121826172 712.9890136719 1453.2171630859 2934.0212402344 3674.7319335938 5895.0712890625 7376.4882812500 11084.3369140625 14722.5361328125 18291.1855468750 22098.0605468750 25742.6523437500 29414.1640625000 33207.2578125000 36722.1875000000 40446.1210937500 44240.1992187500 47759.1093750000 51473.3515625000 55267.6796875000 58817.4023437500 
29.7666568756 29.7684478760 29.7676792145 119.0562210083 416.7014465332 774.3897705078 1578.7099609375 3187.2390136719 3997.7104492188 6465.2216796875 8084.3725585938 12144.2812500000 16176.8818359375 20100.4316406250 24156.8613281250 28243.9433593750 32236.4121093750 36379.6562500000 40278.5273437500 44319.4726562500 48490.6718750000 52389.0078125000 56466.8007812500 60479.7890625000 64535.1523437500 
32.7833595276 32.8189125061 32.8314895630 131.1258544922 458.9865112305 854.2466430664 1741.4683837891 3515.5754394531 4403.1142578125 7069.2558593750 8792.5595703125 13153.0361328125 17583.1269531250 22078.0136718750 26335.3359375000 30966.8281250000 35212.0742187500 39696.8203125000 44092.6523437500 48490.8593750000 52848.2929687500 57426.7148437500 61637.1367187500 66197.5000000000 70419.6796875000 
35.4713592529 35.4722862244 35.4711685181 141.8721313477 496.6010742188 922.7581176758 1881.1522216797 3797.8818359375 4757.9809570312 7702.9345703125 9636.1250000000 14467.1787109375 19274.5761718750 23887.3964843750 28876.7656250000 33564.3164062500 38552.4726562500 43152.5078125000 48054.7421875000 52981.8320312500 57584.0742187500 62556.6914062500 67189.8906250000 72162.2812500000 76749.6875000000 
38.8720626831 38.9035530090 38.9079055786 155.4790344238 544.3274536133 1012.5824584961 2064.4750976562 4168.2690429688 5218.7866210938 8372.8398437500 10478.9208984375 15747.3496093750 20767.9023437500 26129.5156250000 31301.5292968750 36716.8359375000 41722.2031250000 47093.8476562500 52425.9375000000 57445.8984375000 62716.3046875000 67962.7500000000 73233.5312500000 78287.3984375000 83603.0000000000 
41.8615989685 41.8621444702 41.8616943359 167.4337005615 587.5181274414 1097.3144531250 2236.9719238281 4516.1440429688 5655.7382812500 9074.4804687500 11323.9560546875 16922.4335937500 22739.9941406250 28444.4433593750 33901.9492187500 39695.7812500000 45428.1718750000 50977.0976562500 56732.5546875000 62391.8203125000 68029.7187500000 73740.1093750000 79459.1718750000 85075.9609375000 90679.1484375000 
45.3253135681 45.3270072937 45.3268165588 181.2910156250 634.8120727539 1179.1301269531 2419.1416015625 4889.8623046875 6123.7319335938 9825.3916015625 12270.5048828125 18322.7695312500 24626.6230468750 30786.3320312500 36734.7031250000 42921.2148437500 49261.9101562500 55188.1210937500 61460.1054687500 67564.9375000000 73710.2421875000 79756.0390625000 85967.4140625000 92174.9218750000 98158.6015625000 
48.9768943787 48.9785270691 48.9779205322 195.8960571289 686.0093383789 1274.1389160156 2609.0844726562 5289.6635742188 6625.3608398438 10630.9033203125 13304.4443359375 19954.3574218750 26394.9960937500 33179.1445312500 39809.1367187500 46489.3671875000 53010.4492187500 59812.8164062500 66325.2968750000 73077.8359375000 79447.8515625000 86301.2812500000 93001.8046875000 99462.0468750000 106139.0312500000 
52.8189430237 52.8207359314 52.8195838928 211.2624664307 739.8592529297 1374.0400390625 2801.0485839844 5683.1572265625 7148.3886718750 11468.3505859375 14350.5527343750 21530.5820312500 28470.9160156250 35753.4375000000 42994.3320312500 50059.9492187500 57191.5390625000 64458.2382812500 71549.7812500000 78760.8281250000 85931.9375000000 92898.1953125000 100272.4765625000 107333.8906250000 114572.6015625000 
56.8565750122 56.8585281372 56.8582725525 227.4144287109 796.4320678711 1479.0915527344 3015.1464843750 6087.1875000000 7623.1875000000 12298.9921875000 15420.0048828125 23016.1933593750 30894.8242187500 38545.8320312500 46180.0976562500 53952.0625000000 61584.7812500000 69352.1015625000 77112.7031250000 84779.7421875000 92322.3593750000 100142.7031250000 107868.3593750000 115537.1796875000 123273.7265625000 
61.0949134827 61.0977287292 61.0965766907 244.3694152832 855.7892456055 1589.3471679688 3239.8828125000 6568.2207031250 8253.9003906250 13243.1904296875 16464.4179687500 24858.9570312500 33186.3007812500 41257.0273437500 49609.8789062500 58060.0546875000 66049.9687500000 74560.8203125000 82858.4531250000 91031.5546875000 99324.5703125000 107666.3906250000 115970.5234375000 124183.0156250000 132440.0000000000 
66.0398101807 66.1685791016 66.1657562256 264.1489868164 925.0437011719 1722.0886230469 3479.0649414062 7016.6303710938 8787.2021484375 14144.8320312500 17774.5468750000 26542.0234375000 35587.0234375000 44288.4609375000 53242.8515625000 62266.0390625000 70917.5312500000 79923.5312500000 88997.1718750000 97598.7421875000 106509.5312500000 115556.1328125000 124467.0078125000 133316.0937500000 142189.6250000000 
70.7307510376 71.2704010010 71.2701110840 282.9998168945 992.3911743164 1853.9718017578 3779.2707519531 7629.8637695312 9553.5380859375 15285.7792968750 19030.1699218750 28455.8027343750 37987.7812500000 47776.8632812500 56972.0859375000 66764.3203125000 75958.8515625000 85725.7578125000 95375.9375000000 104666.3203125000 114144.0312500000 123717.9921875000 133288.5156250000 142902.7500000000 152387.9062500000 
75.6398086548 76.2170867920 76.2169265747 302.6638793945 1061.3862304688 1971.7193603516 3980.5891113281 8036.2661132812 10064.0996093750 16237.7207031250 20293.1835937500 30574.6699218750 40830.9960937500 50721.8750000000 61175.1835937500 71178.9921875000 81509.5156250000 91566.3203125000 101797.0937500000 112041.7421875000 122183.5234375000 132320.4375000000 142585.6406250000 152846.9843750000 162877.4062500000 
80.1556472778 80.3240661621 80.3338241577 320.6123657227 1122.7423095703 2091.1066894531 4264.7880859375 8619.6005859375 10828.5234375000 17328.9511718750 21737.7207031250 32736.6250000000 43347.5468750000 54322.2812500000 65301.8085937500 76151.7890625000 86901.6796875000 97838.1484375000 108922.7187500000 119672.9218750000 130432.0859375000 141259.1875000000 152164.6250000000 163054.7500000000 174113.8750000000 
86.1255645752 86.7850265503 86.7847061157 344.6143798828 1208.6783447266 2257.4819335938 4601.8417968750 9181.6533203125 11494.1113281250 18495.7519531250 23109.6250000000 34862.1250000000 46361.5195312500 57831.5234375000 69711.0390625000 81143.5078125000 92649.7890625000 104376.6328125000 116037.5234375000 127579.1171875000 139100.5468750000 150663.8906250000 161954.5468750000 172538.1718750000 184270.7500000000 
90.3342056274 91.0149154663 91.0148773193 361.4531860352 1267.5286865234 2367.5236816406 4826.0117187500 9743.2089843750 12201.5136718750 19521.7304687500 24541.8300781250 36990.2109375000 48824.9414062500 61304.1601562500 73425.4296875000 85966.5234375000 97986.7187500000 110125.9140625000 122627.4375000000 134839.3750000000 147125.3437500000 159211.4687500000 171374.5937500000 183991.4062500000 195789.2500000000 
96.0727005005 96.7976303101 96.7975692749 384.3917846680 1347.8931884766 2517.9558105469 5141.9545898438 10399.8671875000 13026.5244140625 20958.4882812500 26049.5390625000 38940.2578125000 52172.7500000000 65066.6835937500 78294.4531250000 91033.4843750000 104165.5312500000 117275.0703125000 130392.8515625000 143313.8125000000 156419.8437500000 169391.4062500000 182260.6250000000 195629.7343750000 208326.6875000000 
103.6042251587 103.6070709229 103.6062698364 414.4055480957 1451.1236572266 2694.9990234375 5493.7246093750 11048.7880859375 13799.4482421875 22052.4785156250 27567.8710937500 41587.9375000000 55351.9179687500 69316.3671875000 83039.3984375000 96995.8125000000 110960.3671875000 124499.0000000000 138442.7343750000 152162.9843750000 165907.4218750000 180018.6093750000 193478.0156250000 207708.6875000000 221366.2343750000 
109.0846710205 109.3251190186 109.3669738770 436.3312377930 1527.8922119141 2844.9641113281 5797.3378906250 11677.1708984375 14623.0458984375 23617.5566406250 29315.0390625000 44293.2773437500 58507.3671875000 73554.9921875000 87891.4062500000 102783.3125000000 117462.8750000000 132085.9062500000 146919.6406250000 161692.2656250000 176107.6250000000 190998.4531250000 205711.0781250000 220325.3125000000 234682.2812500000 
115.6007995605 115.8911972046 115.8983688354 462.3906555176 1619.1320800781 3015.7814941406 6147.4877929688 12409.6923828125 15611.2187500000 24913.2265625000 30992.7578125000 46552.7070312500 62433.1093750000 77538.5468750000 93450.7734375000 109085.2109375000 124417.8593750000 139985.4375000000 155710.6875000000 171079.1250000000 186499.9375000000 202499.3750000000 217647.2500000000 233639.6250000000 248793.2812500000 
123.3049621582 123.3075180054 123.3059844971 493.2030639648 1727.0047607422 3207.4016113281 6525.5434570312 13142.9921875000 16424.3613281250 26245.0800781250 32808.6640625000 49634.4257812500 65734.9375000000 82385.6171875000 98628.3281250000 115470.0781250000 131777.9375000000 148213.0156250000 164803.0781250000 181140.4843750000 197836.8750000000 213973.5000000000 230734.2500000000 246884.3593750000 263567.8437500000 
128.4259796143 129.3922576904 129.3934783936 513.8944091797 1801.7945556641 3365.7651367188 6860.9916992188 13851.5263671875 17392.1894531250 28000.2031250000 34907.2343750000 52061.4609375000 69762.0468750000 86880.8671875000 104644.9531250000 122019.8437500000 139230.6406250000 156702.4531250000 174235.1093750000 191464.3281250000 208997.7656250000 226332.7187500000 243913.7343750000 261025.4062500000 278541.7500000000 
135.6687316895 136.6903076172 136.6893157959 542.8126220703 1902.6092529297 3555.4897460938 7265.2622070312 14681.7119140625 18433.4316406250 29487.1562500000 36647.0976562500 55042.5429687500 73739.2968750000 91776.2109375000 110403.1484375000 128873.2265625000 147094.1562500000 165442.9531250000 183973.5000000000 202554.9687500000 220535.6093750000 238994.0937500000 257578.9375000000 276512.1562500000 294837.1250000000 
144.2539520264 144.2570190430 144.2570190430 577.0031127930 2020.3937988281 3752.2646484375 7648.8549804688 15441.9658203125 19367.6933593750 31151.7871093750 38891.4765625000 58304.1796875000 77785.0703125000 97146.6250000000 116749.6796875000 136231.9843750000 155570.0468750000 175052.3593750000 194678.9843750000 214018.3593750000 233354.9687500000 252842.1093750000 272323.4375000000 291803.8437500000 311275.8750000000 
152.0906219482 152.4305877686 152.5268096924 608.3504028320 2130.1469726562 3966.7365722656 8071.9975585938 16280.7343750000 20388.9316406250 32713.5761718750 41013.1796875000 61576.0234375000 81898.9140625000 102550.4687500000 123091.0468750000 143631.5468750000 164019.9218750000 184560.4062500000 205297.8437500000 225836.6093750000 246098.3593750000 266744.7812500000 287306.9375000000 307846.6250000000 328224.3125000000 
160.2048034668 160.2078704834 160.2086791992 640.8078002930 2243.7714843750 4167.1342773438 8494.5146484375 17149.2695312500 21476.6582031250 34630.3710937500 43274.9882812500 64750.4687500000 86411.1250000000 108009.2109375000 129666.7031250000 151322.6875000000 172793.4375000000 194553.0937500000 216325.6875000000 237793.1250000000 259322.0625000000 280994.6250000000 302628.9062500000 324251.8750000000 345735.9687500000 
168.6039733887 168.6077423096 168.6067199707 674.4032592773 2361.3911132812 4385.5698242188 8939.7949218750 18048.2421875000 22766.5839843750 36442.2070312500 45373.5703125000 68250.1640625000 90930.9218750000 113705.2265625000 136466.0781250000 159248.9531250000 181975.6562500000 204622.1875000000 227662.1250000000 250321.4531250000 272956.9687500000 295688.0625000000 318499.6875000000 341266.9375000000 363851.5312500000 
177.2912597656 177.2950744629 177.2949829102 709.1535644531 2483.0478515625 4611.5063476562 9400.3496093750 19043.4960937500 23947.6738281250 38312.1796875000 47711.0664062500 71843.0546875000 95598.9921875000 119562.1171875000 143509.6093750000 167454.2500000000 191220.6406250000 215211.0312500000 239435.0156250000 263207.1250000000 286926.6875000000 310909.7812500000 334914.4062500000 358890.4687500000 382611.3125000000 
186.2717437744 186.2761230469 186.2754516602 745.0747070312 2608.8120117188 4845.0776367188 9876.4824218750 20027.1875000000 25160.6308593750 40246.5273437500 50127.6484375000 75482.0234375000 100378.8984375000 125616.8906250000 150771.9531250000 175930.6875000000 200905.4062500000 226223.2812500000 251399.8281250000 276522.4687500000 301507.0312500000 326648.3750000000 351821.7812500000 377160.3437500000 402351.8750000000 
195.5512390137 195.5543060303 195.5550689697 782.1987915039 2738.7585449219 5086.3935546875 10403.5673828125 21091.6699218750 26405.3535156250 42075.2890625000 52827.9218750000 79239.3593750000 105700.6562500000 132057.1562500000 158495.6718750000 185040.5468750000 211244.9062500000 237792.9062500000 264495.2500000000 290799.5312500000 317001.7187500000 343699.4375000000 370224.1562500000 396660.1250000000 422968.9062500000 
205.1481628418 205.1377258301 205.1375427246 820.5247192383 2872.9426269531 5335.6093750000 10936.1611328125 22125.0917968750 27570.3320312500 44447.4414062500 55442.8320312500 83403.3437500000 110907.8828125000 138807.1093750000 166671.9531250000 194482.4218750000 222161.9218750000 250071.8437500000 278038.6562500000 305775.1875000000 333408.5937500000 361083.8437500000 389015.4375000000 416911.3437500000 444490.8125000000 
215.0243530273 215.0284729004 215.0277099609 860.0878295898 3011.4426269531 5592.8247070312 11484.3935546875 23191.7500000000 28898.1191406250 46607.7812500000 58128.9570312500 87362.9375000000 116461.9609375000 145462.1250000000 174711.3750000000 203951.6875000000 232778.4375000000 262079.3750000000 291563.0937500000 320402.5937500000 349477.2187500000 378558.8437500000 407802.3750000000 437056.6562500000 465898.2812500000 
226.9460449219 226.9506835938 226.9501495361 907.7928466797 3178.3916015625 5879.6474609375 11941.6611328125 24251.5214843750 30476.2207031250 48624.9140625000 60916.4414062500 91592.2500000000 121858.1171875000 152480.5781250000 183081.4218750000 213620.4375000000 243915.0781250000 274597.9062500000 305290.2187500000 335834.1875000000 366074.1562500000 396618.4687500000 427190.3437500000 457681.1562500000 488419.5625000000 
237.5485382080 237.5523834229 237.5515594482 950.2083129883 3326.8540039062 6168.1840820312 12499.4287109375 25517.8066406250 32080.5996093750 50930.8593750000 64001.8242187500 95840.4140625000 127772.8437500000 159788.5000000000 191696.0312500000 223829.9375000000 255544.9687500000 287782.2187500000 319883.8437500000 351943.7812500000 383559.4687500000 415696.6250000000 447571.9062500000 479876.7812500000 511470.8750000000 
248.4757690430 250.3802947998 250.3797454834 994.1422119141 3488.4177246094 6512.2060546875 13274.9785156250 26569.3574218750 33267.8164062500 53566.5781250000 66893.8750000000 100476.8593750000 133619.6718750000 167026.2500000000 199204.2812500000 232635.4218750000 265469.7812500000 298584.6875000000 332110.2187500000 365334.3125000000 398272.7812500000 431322.5312500000 464826.5000000000 497690.3125000000 530814.6250000000 
255.8344268799 257.7610778809 257.7612915039 1023.6648559570 3606.8449707031 6727.4130859375 13715.7734375000 27740.0800781250 34573.9101562500 55320.8945312500 69623.0000000000 104095.9687500000 138574.1718750000 173349.2187500000 208039.4218750000 242882.6562500000 277344.5625000000 312153.4375000000 347235.1250000000 381852.7187500000 416051.5000000000 450682.7500000000 485690.2500000000 520075.9375000000 554843.0000000000 
269.2677001953 270.4308776855 270.4066467285 1077.1596679688 3771.0642089844 7047.7988281250 14358.1464843750 28852.7792968750 36092.6445312500 58028.9023437500 72437.6015625000 108730.7109375000 144624.0468750000 181190.8906250000 217912.2343750000 254275.7968750000 290369.9687500000 326733.5000000000 363368.4687500000 399633.2187500000 435557.2812500000 471921.0312500000 508617.2187500000 545628.6250000000 581929.5625000000 
283.2550354004 283.2601013184 283.2599182129 1133.1101074219 3961.9306640625 7311.4799804688 14904.1503906250 30303.2207031250 37859.9335937500 60644.9960937500 75936.0312500000 114088.2265625000 151783.7343750000 189956.9843750000 227901.9531250000 265890.2500000000 303590.3750000000 341817.1250000000 380133.2812500000 418085.4687500000 455741.6875000000 493914.8750000000 531949.4375000000 569978.7500000000 607814.8750000000 
