1.0000000000 8.0000000000 32.0000000000 128.0000000000 512.0000000000 1024.0000000000 2048.0000000000 4096.0000000000 5120.0000000000 8192.0000000000 10240.0000000000 15360.0000000000 20480.0000000000 25600.0000000000 30720.0000000000 35840.0000000000 40960.0000000000 46080.0000000000 51240.0000000000 56320.0000000000 61440.0000000000 66560.0000000000 71680.0000000000 76800.0000000000 81920.0000000000 
3.5193000222 0.0421000295 0.0083000050 0.0116000301 0.0113000278 0.0282999827 0.5186999915 0.0506999786 0.0623000087 0.1384000061 0.1155000064 0.1687000040 0.3256000346 0.3012999659 0.3504999913 0.3954999847 0.5664999480 0.4944000393 0.5730999983 0.6161999772 0.6901000161 0.9753000340 0.8035999490 0.8076999802 0.9130000253 
0.0050999806 0.0066999928 0.0075999997 0.0101999613 0.0178000191 0.0341999694 0.0497999717 0.0927000074 0.1136999927 0.1898999908 0.2331000287 0.3262999817 0.5624999758 0.5284000072 0.6345000002 0.8193000103 0.8263000054 1.0486999527 1.1228999938 1.1998999980 1.3267000322 1.5139000025 1.5634999727 1.6336000408 1.8091000384 
0.0058999867 0.0059999875 0.0124999788 0.0201999792 0.0271999743 0.0460000010 0.0858000130 0.1887999824 0.1986999996 0.3293000045 0.4132000031 0.6041000015 0.7395999855 0.9846000466 1.6465000226 1.5542999608 1.8392000347 1.7930000322 2.8037000448 4.5498000109 2.9502999969 6.0597000411 2.6682000025 4.1058000061 3.9140000008 
0.0233000028 0.1168000163 0.0321999541 0.0154000008 0.0554999569 0.1152000041 0.2201999887 0.4052000004 0.5058000097 0.5281000049 0.6882000016 1.1652999674 1.7232000246 1.7007999704 2.1423000144 2.7596000000 4.1649999912 3.0397999799 3.2040000078 3.5299999872 3.8038999774 4.7057999764 6.5945999813 4.9074999988 12.1389999986 
0.0211999868 0.0220999937 0.0242999522 0.0402999576 0.0790999620 0.1588000450 0.2023999696 0.4883999936 0.8978999685 1.1658999720 1.4448000002 2.2854999988 4.0913000121 3.8227000041 3.0949999928 4.5112000080 3.9589999942 4.2786000413 5.3643999854 9.5240000519 5.9903999791 6.2142999959 8.0831999658 7.4850000092 10.3112999932 
0.0068999943 0.0103999628 0.0677999924 0.0373999937 0.0834000530 0.2009000164 0.3000000142 0.5816000048 3.1895000138 2.0106000011 1.5252999729 2.0972000202 2.6520999963 3.3340000082 4.9424000317 6.2534000026 7.1778999991 10.6856999919 6.0587000335 7.6583999908 9.7295000451 10.3487999877 10.1962999906 10.4080999736 13.5669999872 
0.0139999902 0.0106999651 0.0139999902 0.0292999903 0.1025000238 0.1963999821 0.4084000248 0.7382999756 0.9270000155 1.6141000087 1.8730000011 2.7559000300 3.6541000009 4.8842999968 5.7481999975 6.4841000130 7.4389000074 8.5152999964 9.6756999847 12.2690999997 11.4441000042 11.7348000058 12.8999000299 13.4665000369 15.1348999934 
0.0077000004 0.0084000058 0.0188000267 0.0387000036 0.1270999783 0.2478000242 0.5062000128 0.9669000283 1.2470000074 1.9581000088 2.4876000243 3.7215999910 4.8080999986 6.1684999964 7.3821999831 9.4462999841 10.1511999965 10.6389999855 12.6860000310 12.7771000261 14.3911999767 15.3332000482 17.9740000167 12.4911999446 20.2171999845 
0.0053000404 0.0111000263 0.0194999739 0.0472999527 0.1709000207 0.3654999891 0.6861999864 1.3029000256 2.0886000129 2.5694000069 3.2161999843 5.0694000092 6.4142000047 8.5165000055 9.3545999844 10.9998999978 13.0079000373 14.7030999651 15.9658999764 18.6220000032 19.2235999857 19.7764000040 22.9413000052 25.6688999943 26.2691999669 
0.0067999936 0.0120000332 0.0213999883 0.0609999988 0.2102000290 0.4179999814 0.8715000004 1.5844000154 2.6747999946 3.2185000018 3.9882999845 7.0178000024 8.5406000144 10.5661999551 11.7971999571 14.2265000031 16.0327000194 17.8872999968 20.5772999907 24.0208999603 23.5358999926 26.0346999858 23.8398999791 31.3622999820 31.2083999743 
0.0057999860 0.0160000054 0.0255000195 0.0748999882 0.2568999771 0.5974000087 1.0271000210 1.9542999798 2.6233000099 4.1288999491 4.9930000096 7.4385000044 10.0969999912 12.6137999468 15.3154000291 17.2557999613 18.9342999947 33.2908999990 25.3222000320 27.8656000155 31.8850000040 37.5874999445 35.3776000557 24.5336000226 40.4985999921 
0.0225999975 0.0150999986 0.0289999880 0.0821000431 0.4065000103 0.6084999768 1.2291999883 2.4342999677 2.9969000025 4.8502000282 5.2725999849 9.8864999600 12.0517000323 15.1210000040 18.5338999727 21.2051000562 24.3351999670 23.4082000097 30.8828999987 24.1329999990 36.4572000108 42.9495000280 38.2124999887 50.3515999881 39.6363999462 
0.0104000210 0.0209000427 0.0326000154 0.1001000055 0.3830000060 0.7532000309 1.8886000034 2.9083999689 3.9351999876 4.3625999824 7.3185999645 10.9713000129 16.6963999509 18.4789000195 18.3086000034 25.6669999799 29.3103000149 33.7668000138 37.7741000266 30.8938000235 29.8858000315 50.3904999932 34.0844999882 55.4547000211 62.2797000105 
0.0096999574 0.0171999563 0.0400000135 0.1212999923 0.4464999656 0.8857999928 1.7641999875 3.5293999827 4.3964000070 8.9443000033 9.1893000063 13.1794000044 18.9347999985 22.4083000212 29.8788999789 31.5615999862 29.9735000008 40.5087999534 40.4164000065 48.3515999513 53.6878000130 37.5480999937 59.1762000113 61.8899000110 58.9015000151 
0.0166000100 0.0187000260 0.0437000417 0.1450999989 0.5738000036 1.1683999910 2.5712999632 4.2501999997 5.3421999910 8.5325000109 12.2891999781 16.8370000320 16.6685999720 28.2588000409 34.5463999547 31.9313000073 48.9087000024 38.4532000171 53.1222999562 40.0831999723 62.9166000290 66.8122000061 69.8654000298 78.7343999837 84.3840999878 
0.0265999697 0.0268999720 0.0554000144 0.1699000131 0.6457000272 1.2548000086 3.8072000025 5.1562999724 6.7216000170 10.6235999847 12.4446999980 20.3350000083 22.1790000214 29.7334000352 38.6180999922 43.4196999995 43.1738999905 35.4316000012 62.7962000435 37.2454000171 51.1383999838 70.6534999772 64.0384000144 63.4451000369 71.6031999909 
0.0121999765 0.0301999971 0.0578999752 0.2029999741 0.7377000293 1.4772999566 3.1386999763 5.7114000083 7.0163999917 11.3620999618 14.6304999944 25.0805999967 26.5020999941 25.2046000096 45.9066000185 47.3025999963 42.1955999918 46.0345000029 57.6623999514 63.0047000013 78.0711999978 62.8879999858 65.2445000014 66.0167000024 90.4760999838 
0.0131999841 0.0296000508 0.0631000148 0.4751000088 0.9884000174 1.6955999890 3.2658000127 6.5870999824 8.4899999783 14.8190999753 17.7236000309 27.3264999851 33.7861000444 42.3144000233 44.5748000056 49.6473000385 61.1228999915 58.8989999960 74.4152000407 66.4438000531 78.1568000093 75.9531999938 73.5959000303 85.7471000054 101.0406000423 
0.0149999978 0.0284000416 0.0786999590 0.2598999999 1.0407000082 2.6749999961 5.2868000348 8.5747999838 10.2156999637 15.7646999578 20.1395999757 24.9846999650 36.4955000114 36.4397999947 47.4934000522 52.4659000221 72.1106000128 89.4262999645 85.0592000061 80.2687000250 92.8266000119 89.4765999983 113.4794999962 122.1005000407 113.4177999920 
0.0181000214 0.0309000025 0.0774000073 0.2936000237 1.1215999839 2.1624999936 4.6693000477 9.1207000078 11.0407999600 17.0598000404 22.5673000095 28.4154000110 44.3556000246 43.8350000186 59.9592999788 57.6757999952 68.6816000380 67.8191999905 77.1111000213 92.6087999833 89.8023999762 99.1023999522 117.9755000048 123.7250999548 135.6331999996 
0.0172000146 0.0318000093 0.0883999746 0.3460000153 1.2294000480 2.9379000189 5.4275000002 10.3463000269 13.0757000297 20.7339999615 26.1807999923 24.2734000203 55.5849000230 62.0121000102 73.9947999828 81.1832000036 89.7794000339 85.4453000356 90.9650999820 91.7937000049 98.5984000145 115.5377000105 147.9539999855 132.7520000050 144.1064000246 
0.0195999746 0.1363999909 0.2283999929 0.3951999824 1.6020000330 2.9999999679 5.9585000272 12.0727000176 15.1829000097 20.1200000010 23.3805999742 45.3914999962 46.3594000321 65.2574999840 78.2364999759 83.2443999825 83.1376000424 104.2019000161 106.1420999467 117.0347000007 112.1901999577 147.2150000045 143.3028000174 151.4462999767 158.0187000218 
0.0867999624 0.1306000049 0.1116999774 0.7486000541 1.6610000166 3.6094000097 6.5252999775 14.2974000191 16.3710999768 25.5154999904 32.7257000026 49.3896999978 49.4139000075 70.4304000246 91.0605999525 76.8049000180 107.0375000127 110.6310000177 123.5373000382 119.5027999929 141.9428999652 155.7362000458 172.6850999985 167.7240999998 188.8869999675 
0.0232999446 0.0441999873 0.1357999863 0.4863999784 1.8667999539 3.5049000289 7.2115999646 15.6314999913 17.7511000074 30.5092000053 39.0775999986 55.4093999672 70.4878999968 79.5667000348 88.6969999992 102.0198999904 95.3779999982 134.2225000262 136.1856000149 161.5991999861 163.5089999763 172.9192999774 173.4595000162 192.7517000004 184.3813000014 
0.0329000177 0.0530999969 0.1475999597 0.5299000186 2.1097999997 4.5825999696 8.7447999977 18.2411000133 21.4555999846 28.1837999937 35.8993000118 61.3153000013 77.7860999806 89.3875000183 84.2819000245 92.9460999905 119.2963999929 131.0876000207 155.0035000546 151.2055999483 180.2478999598 184.3836999615 197.2979999846 206.5454999683 213.5002000141 
0.0246000127 0.0504000345 0.1585999853 0.5972999497 2.5485000224 4.5359999640 9.2933999840 17.1314000036 21.5477999882 36.3021999947 46.7993000057 49.1415999713 77.4603000027 80.5600999738 97.2997000208 113.8427000260 142.9751999676 178.2217000145 161.4711000002 161.3130000187 229.7590000089 215.3890000191 238.4046000079 244.2152999574 247.5732000312 
0.0389000052 0.0543000060 0.1775999554 0.6570999976 2.5800999720 5.1887000445 10.3238000302 20.3420000034 26.3583000051 37.3421999975 43.1452999474 78.1386999879 68.5404999531 84.8184999777 117.5448999857 131.4773000195 141.0805999767 157.8776999959 186.5317000193 183.4158000420 203.4163000062 235.7646000455 247.1543000429 270.7573000225 267.1460999991 
0.0334999640 0.0608999981 0.2019000240 1.2659999775 3.0779999797 5.2443000022 11.1328000203 21.7738999636 27.2574000410 42.8595999838 58.3658000105 72.8246999788 100.2052000258 102.6973000262 134.4973000232 134.4305999810 148.5218000016 175.6241999683 198.7227000063 237.5902000349 242.6766999997 252.0316000446 278.7598000141 277.7025999967 317.1139999758 
0.0347000314 0.0594999874 0.2849000157 0.8057999657 2.8915999574 6.4947999781 13.4239000035 26.2819000054 25.8219999960 53.8068999886 51.3565000147 71.0535999970 96.2441000156 120.4086000216 138.4100999567 154.3833999895 163.0054999841 205.4376000306 243.1524000131 248.1855000369 270.3271000064 289.1194000258 289.3204000429 313.6515000369 367.3277000198 
0.0417000265 0.0657999772 0.2120999852 0.8767000400 3.4523999784 6.8140000221 13.1808000151 25.4949000082 35.0543999812 55.7040999993 64.7996999905 90.4384999885 93.7776999781 111.0069000279 146.8680999824 178.2951999921 209.3089999980 201.3147000107 247.3229999887 273.6146000098 283.2903999952 313.7223999947 349.1852999432 353.3832999528 381.3708000234 
0.0539000030 0.0729999738 0.2613999532 0.9655000176 3.4640000085 6.9549999898 14.4638999482 31.0495999875 31.9938000175 61.9432000094 54.4478000375 89.3531999900 129.1942000389 129.8734999727 172.0709999790 175.7045999984 208.7759000133 232.6208999730 245.5888999975 295.1845999924 319.3031999981 349.3691000040 353.4420999931 408.8616999798 397.4594000028 
0.0387000036 0.0760999974 0.2653999836 1.0388999945 4.1700000293 7.6258000336 15.9056000412 30.5644999607 23.9394000382 64.6552999970 73.8535999553 101.5077999909 124.1544000222 147.8417000035 166.7277999804 208.7205999997 217.2360999975 245.6838999642 275.8579000365 299.1422999767 367.5515000359 378.9757000050 391.8467999902 419.0152999945 463.6054000002 
0.0493000261 0.0957999728 0.3160000197 1.1532999924 4.6598000336 9.6984999836 19.0847999766 39.0141999815 35.5647999677 68.4546999983 57.0657999488 104.7937999829 137.6609000145 156.9536000025 206.0381000047 230.9196999995 231.2064000289 300.6365000037 313.3444000268 355.8676000102 378.2550999895 404.6809999854 431.4199999790 444.4396999897 484.4032999827 
0.0561999623 0.1003000070 0.3174000303 1.4118000399 5.0980999949 9.9598999950 19.4929999998 40.2024000068 48.5686999746 63.4163999930 86.7394999950 108.3638000418 135.0766000105 161.3705999916 213.5733000468 230.7186000398 282.1201999905 313.8030000264 338.0647000158 373.2698999811 408.2284999895 441.4209999959 476.6115000239 545.3994999989 527.7006999822 
0.0524999923 0.1078999485 0.3540999605 1.6071000136 5.4757000180 9.6098000067 18.0537999840 33.4341000416 34.5902000554 64.7789000068 79.2927999864 113.8164000004 157.2289000032 186.0565000097 213.4298000019 283.3094999660 292.3716999940 347.6770999841 358.9968999731 412.1936999727 428.4580000094 455.8611999964 522.9832999757 547.6179000107 606.7894999869 
0.0741000404 0.1045999816 0.3835000098 1.5720000374 6.3470999594 12.6234000199 21.2561000371 36.2112000003 56.7836999544 78.2558000064 89.9983000127 119.1581999883 164.6917000180 191.5852999664 225.2013999969 282.4161999743 310.4510999983 357.9580999794 414.2708000145 416.0713999881 469.0848999890 531.7040000227 584.4915999915 578.7258999771 630.3780999733 
0.0637000194 0.1043999800 0.4111999879 1.6003000201 6.4508999931 12.6888000523 26.8435000326 50.1726000221 42.9266000283 97.4726999993 83.7378000142 134.4011999900 177.7844000026 211.6889000172 263.2844999898 282.4815999484 344.2020000075 394.5007000002 462.4902000069 466.9763999991 540.0427000131 585.5163999950 597.2063000081 654.5561000239 680.9847000404 
0.0682000536 0.1108000288 0.4016999737 1.5116999857 6.2843000051 14.1669000150 19.0406999900 33.7677999632 61.7602000129 80.1719999872 110.2824999834 149.5936000138 186.1298999866 223.1854000129 288.1517999922 312.3483000090 386.2630000222 378.0107999919 481.5019000089 536.4881000132 531.9770000060 616.8841000181 627.0094999927 677.2903000237 700.8634000085 
0.0911999959 0.1362999901 0.4991999594 1.9335999968 6.8984000245 15.6182000064 28.5057000001 58.7175000110 71.7094999854 92.8040999570 114.1385999508 178.2567999908 201.6809000052 264.4318999955 324.0134000080 365.7564000459 410.0939999917 484.2707000207 497.2408000031 512.0011999970 623.9174000220 664.9430000107 660.6724999729 761.0600999906 774.1344000096 
0.0698999502 0.1428999822 0.5496999947 2.0697999862 8.4220999852 16.3382999599 31.5266000107 64.1110999859 62.2882000171 99.2778000073 103.6731000058 166.3838000386 237.5711000059 268.8935000333 323.0595000205 395.6584000262 465.5626000022 449.4533000397 590.8671999932 584.8099999712 619.9069999857 672.0270000515 776.6813999624 770.0198999955 883.2616999862 
0.0837999978 0.1574000344 0.5852999748 2.2523999796 9.1118999990 18.2339000166 30.3823000286 45.9422999993 52.8497999767 100.4432999762 127.5223999983 176.8766000168 220.0436000130 282.7508999617 335.5815000250 408.2232000073 477.9488000204 541.5942000109 568.6079000006 603.2323999680 655.6969000376 734.5907999552 804.3012000271 868.9249000163 872.7044000407 
0.1079000067 0.1553000184 0.5897000083 2.2889999673 9.2598000192 16.0577999777 26.0083999601 70.6988999736 67.2990000458 111.8258000351 125.2411999740 189.3601999618 257.3807999725 294.9983999715 363.2790999836 427.4756999803 492.1254999936 585.6718000141 594.7945999797 709.5672999858 737.4425999587 756.1312000034 835.3376000305 907.9718000139 919.3507999880 
0.0878000283 0.1784000196 0.6483999896 2.1428000182 10.4112999979 19.3354000221 30.9540000162 53.8954999647 77.5365000009 119.4644999923 139.2089999863 197.7744000033 277.2616999573 337.8610000364 399.5618000044 478.7636999972 521.8517000321 575.6374999764 612.9397000186 726.4341000118 752.8164000250 851.1679000221 933.9955999749 956.5201000078 1013.7021999690 
0.1171000185 0.2009000164 1.9274000078 2.7737999917 10.5042000068 21.8852999969 37.8781000036 59.2382000177 76.8585999613 122.1412000014 162.3497999972 210.1130999508 300.2229999984 370.7860000432 409.9223000230 526.0484999744 560.1187000284 629.2692000279 678.8643999607 753.3689999836 825.5471999873 888.8309999602 957.0878999657 1029.4856999535 1107.2709999862 
0.0910999952 0.1842000056 0.7148999721 3.6447999883 9.8165000090 17.3439999926 36.4182000048 55.1396999508 81.2646000413 127.0649000071 163.8829000294 218.2850999525 313.9925000141 415.2976000332 441.0770999966 549.3363999994 592.0402000193 650.3659999580 747.8691000142 795.6937999697 918.3202999993 944.2554999841 1009.8230000003 1133.9208999998 1117.1217000228 
0.1182000269 0.2172999666 0.7750999648 3.0460000271 11.8215999682 20.3604999697 30.2404999966 71.1961000343 95.4625000013 134.2744000140 169.8404000490 249.2326000356 347.2683000145 383.4992999909 494.7626000503 561.8245999794 635.2257999824 711.1635000329 785.0956000038 821.7735000071 946.2678999989 1028.6802999908 1082.8788999934 1146.1608000100 1209.5443999860 
0.1047000405 0.2213999978 0.8229999803 3.1107999966 11.5591000067 22.0698000048 35.8275000472 79.3420000118 95.6741000409 132.4522999930 169.3906000000 254.1227000183 338.3639000240 422.7944000158 503.4105000086 633.0995999742 653.5655999905 755.3752000094 879.5027000015 909.2304999940 943.0471999804 1121.0124000208 1188.1019999855 1298.4859999851 1310.5857999763 
0.1928000129 0.2456000075 0.8872000035 3.1083999784 12.2445999878 18.5812000418 39.7973000072 78.0210000230 112.8021999612 170.1424999628 172.7411000174 290.6545999576 384.2101000482 454.2209999636 523.0719000101 617.4868000089 717.1335999737 836.1412999802 899.4300999912 967.8807000164 1059.3396999757 1169.5714000380 1248.0624999735 1344.7706000297 1414.7464000271 
0.1595999929 0.2535000094 0.8110000053 3.6028999602 15.3947999934 29.4124000357 53.4560999949 81.4908000175 109.5900999499 164.8594999569 181.1296999804 302.0794999902 381.9147000322 489.3680000096 577.0665999735 659.8464000272 773.1022000080 856.2800000072 950.0126999919 1072.4938999629 1141.6441000183 1246.3996000006 1301.1954000103 1434.7915999824 1522.8722999454 
0.1694000093 0.2518999972 0.9700999944 3.9870000328 15.5646000057 29.9326999811 40.3096000082 86.0388000146 118.1034999900 166.6971999803 208.6752000032 322.0688000438 412.1708000312 519.6544000064 628.6316000042 709.0825000196 809.0053000487 901.7844999908 1008.8827000000 1096.0458000191 1228.3146000118 1315.8088000491 1383.5601999890 1529.7693000175 1528.9895999595 
0.1337999711 0.2956999815 1.0815000278 4.0502999909 15.5198999564 31.9606999983 65.6807000050 87.8288000240 120.5063000089 184.2775000259 223.1041999767 322.0694999909 455.1498999936 566.1718000192 684.9271999672 723.7257999950 840.3775000479 968.8556999899 1081.5219999640 1191.4483999717 1251.3026000233 1369.9292000383 1480.3624000051 1594.6758999489 1652.5208000094 
0.1354000415 0.3244999680 0.9413000080 4.2838000227 17.0555000077 34.9828000180 58.6871999549 101.4388999902 121.9154000282 185.6492000516 230.3764999961 342.2463999595 473.1499999762 570.0015000184 701.2249000254 767.9642000003 910.3303999873 1005.1524000010 1128.0089999782 1251.9565999974 1347.5783999893 1472.4113999982 1559.4703999814 1654.6648999793 1803.1202999991 
0.1379000023 0.3191000433 1.0959999636 5.9501999640 15.9525999916 37.9165000049 67.8197999950 101.6424999689 137.0992999873 192.3208999797 251.7361000064 355.4290999891 498.6826999811 578.5565000260 699.2043000064 822.0123999636 928.0121000484 1120.1148999971 1190.9645000123 1321.5282000019 1392.1507999767 1577.9327999917 1572.2207999788 1789.4850000157 1812.3305999907 
0.1498000347 0.3269999870 1.0970999720 5.0416000304 18.8809999963 35.3886999656 51.0827000253 113.7448999798 149.3120000232 197.7962999954 248.1797999935 386.6003999719 521.1319999653 606.3820999698 752.8866999783 831.3941000379 1012.4566999730 1116.7799000395 1257.2217999841 1352.7506999671 1559.3733999995 1588.7367000105 1742.8757000016 1894.9495999841 1926.1891000206 
0.2753999433 0.3536000149 1.3194000348 4.3651000015 18.1355000241 24.2795000086 68.8205999904 109.4468000229 149.7259999742 206.4138000133 274.6432999847 442.9281000048 526.6770000453 670.2746000374 818.2088999893 933.0719000427 1052.1910000243 1230.6785999681 1307.9317000229 1442.8907999536 1602.3440000135 1703.2517999760 1854.3846999528 1998.4390999889 2107.2823000140 
0.1686999458 0.3192000440 1.2055000407 4.5995000401 18.4639000217 36.1911999644 76.8908999744 125.3243999672 167.5141999731 222.9893999756 273.8182999892 410.3052000282 574.1552999825 699.4908999768 826.6708999872 995.6461000256 1089.6151999477 1277.2193999845 1359.0436999802 1517.9427000112 1769.7786000208 1824.5494000148 1921.8653999851 2028.2845000038 2302.7341999696 
0.1712999656 0.3489000374 2.0741999615 5.4893000051 20.0946000405 33.0972999800 63.8015000150 122.7272999822 150.6997000542 234.9503000150 318.2443000260 443.8667999930 622.3568999558 713.5272999876 838.2308000000 1043.7060000258 1121.8471999746 1292.0778000262 1438.9093999634 1581.8559000036 1772.9556999984 1848.8516000216 2106.4823000343 2164.6892999997 2285.2299000369 
0.2464999561 0.3862000303 1.7202000017 6.4329000306 20.2076000278 41.9720999780 67.1276999637 155.4451999837 158.7645999971 240.1803999674 296.2234999868 511.9594000280 619.7048000176 746.3829999906 913.2917000097 1129.5683999779 1259.7442999831 1381.4558999729 1577.8617000324 1686.5066000028 1838.2401999552 2034.1718999553 2126.0185999563 2243.9636000199 2461.7189000128 
0.2636999707 0.3866000334 1.3651000336 5.4178999853 25.1974000130 37.2818000033 80.9103000211 149.3364000344 186.8931000354 271.9553000061 338.4782999638 496.8775999732 680.7104000472 814.7840999882 979.6549000312 1191.0162999993 1292.1585000004 1462.6939000445 1606.7830999964 1786.4368999726 1939.2421999946 2064.0200999915 2229.1157000000 2826.3931000256 2571.7349000042 
0.2000999521 0.4698999692 1.5026000328 5.5831000209 24.7846000129 44.8403999908 84.1164999874 137.9492999986 179.3908000109 267.3116999795 382.4283999857 536.5225000423 700.9378999937 916.3387999870 998.1007000315 1164.4145000027 1336.5454999730 1580.6774999946 1732.2125000064 1842.9302999866 2057.8941999702 2219.6620000177 2394.3137000315 2516.1821000511 2677.1152000292 
0.2870000317 1.1002999963 1.7158000264 6.4290000009 28.0997999944 48.6080999835 86.4287000149 147.6191999973 186.1239999998 320.8043000195 383.3326000022 542.7351999679 747.1342000063 923.7552999984 1033.5330999806 1278.9654000080 1389.1696000355 1589.9046999984 1772.4084999645 2017.0604999876 2163.6933999835 2282.7334999456 2501.3528999989 2636.8628999917 2825.1988999546 
0.2088000183 0.4823000054 2.9053000035 6.4614000148 26.3528999640 40.9335000440 92.4154999666 165.8585999976 198.9190999884 342.4420999945 381.6010000301 567.4136999878 748.0304000201 965.0003000279 1152.2388000158 1362.2945999959 1472.5865999935 1627.5270999759 1829.4457999873 2007.6459000120 2447.9811000056 2468.8368999632 2700.1849000226 2801.8723999849 2874.1057999432 
0.2307000104 0.4973000032 1.7852000310 6.4775000210 29.4163000071 60.3881999850 93.2937999605 159.1177000082 211.4924000343 330.4409999982 412.7845999901 596.4587000199 791.3377999794 1021.9740000321 1170.6012999639 1429.8661999637 1566.1152999965 1756.0795000172 2038.2909000036 2152.2217000020 2403.5674000042 2709.9674000056 2863.2524000132 2931.4971999847 3135.2774000261 
0.3270999878 0.4861999769 1.9925999804 7.6896999963 27.6008999790 63.8767000055 104.7464000294 193.3370999759 227.2166000330 333.0367000308 458.9262999943 621.7290000059 853.7924000411 1075.2254000399 1287.8639999544 1432.8566999757 1633.4512000321 1888.2602000376 2067.9666000069 2307.3944000062 2409.8871000460 2695.3116000514 2893.6861000257 3087.6011999790 3205.1320000319 
0.3877999843 0.5414000480 2.1113999537 10.6305999798 33.4247999708 48.7953999545 99.2713000160 195.7239999902 247.5938000134 403.7838000222 509.4567000051 676.0841999785 896.2018000311 1115.4834000045 1327.9851999832 1567.6477999659 1720.2801000094 1996.7950999853 2152.8638000018 2399.3974999757 2712.5840999652 2852.4955000030 3024.6449999977 3398.3479000162 3481.8766000099 
0.5016999785 0.5186999915 2.1295999759 7.3498000274 35.4157999973 54.4558000402 99.8276000028 175.1103000133 254.7615999938 374.3322999799 505.3965999978 716.3294999627 953.6478000227 1143.1400000001 1509.2444999609 1646.4366999571 1811.6146999528 1952.0604999852 2277.2163000191 2519.1784000490 2795.1097000041 2914.4674999989 3159.1539999936 3466.3396000396 3731.5694999998 
0.4798999871 0.6513000117 2.3651999654 7.7659999952 34.4586999854 66.7715999880 108.8096000021 189.6022000001 242.4160999944 389.1449000221 552.8474000166 799.7182999970 1086.1678999499 1420.5007999553 1525.2570000011 1863.6959999567 2075.3500999999 2291.6695000022 2701.9024000037 3153.1375000486 2929.2400000268 3587.8053000197 3936.8283000076 4377.2847999935 4497.4666000344 
1.1285999790 0.9502000175 2.8757000109 9.8126999801 41.4880000171 69.0545999678 111.4316000021 207.8243999858 286.6023000097 429.2891999939 521.2660999969 841.1868000403 1125.8606999763 1367.1600999660 1588.0586999701 2009.1727999970 2185.7630000450 2459.9258999806 2710.6415999588 3109.7528000246 3077.4038000382 3325.2203000011 3948.2514999690 3660.7833000016 3932.1526000276 
0.2916000085 0.6488999934 2.6520999963 8.8522000005 34.3663999811 49.6897999546 116.3781000068 236.7501999834 301.6268000356 427.2000999772 600.1291000284 777.9498000164 1054.5214000158 1311.6920000175 1579.7144999960 1971.1745000095 2058.1964000012 2292.3688999726 2486.4076999947 2861.7448000005 3058.6547999992 3277.2951999796 3706.6986999707 3792.2477999819 3958.0731999595 
