1.0000000000 8.0000000000 32.0000000000 128.0000000000 512.0000000000 1024.0000000000 2048.0000000000 4096.0000000000 5120.0000000000 8192.0000000000 10240.0000000000 15360.0000000000 20480.0000000000 25600.0000000000 30720.0000000000 35840.0000000000 40960.0000000000 46080.0000000000 51240.0000000000 56320.0000000000 61440.0000000000 66560.0000000000 71680.0000000000 76800.0000000000 81920.0000000000 
0.0163840000 0.0153599996 0.0163840000 0.0174080003 0.0215039998 0.0336959995 0.0338880010 0.0348160006 0.0473279990 0.0529600009 0.0573440008 0.1023679972 0.0542719997 0.0624639988 0.0551359989 0.0535999984 0.0706560016 0.0727040023 0.0719040036 0.0655680001 0.0837119967 0.0877439976 0.0849919990 0.0856639966 0.1050240025 
0.0245760009 0.0245760009 0.0245760009 0.0266239997 0.0337920003 0.0556159988 0.0593920015 0.0551999994 0.0519680008 0.0994559973 0.0787200034 0.0621440001 0.0627200007 0.0602560006 0.0848639980 0.0963520035 0.1224640012 0.1224320009 0.1259520054 0.1558399945 0.1546240002 0.1863680035 0.1890240014 0.1863680035 0.2188480049 
0.0348160006 0.0358400010 0.0359040014 0.0399359986 0.0491520017 0.0686080009 0.0686080009 0.1361919940 0.0696320012 0.0707520023 0.0737280026 0.0716160014 0.1129280031 0.1269759983 0.1696960032 0.1698559970 0.2320320010 0.2252800018 0.2726080120 0.2681599855 0.3215360045 0.3215360045 0.3659519851 0.3735359907 0.4241279960 
0.0481280014 0.0481280014 0.0481280014 0.0552639998 0.0665600002 0.0829439983 0.0831680000 0.0890880004 0.0833920017 0.0929920003 0.0849919990 0.1076800004 0.1630720049 0.2282239944 0.2260800004 0.2938880026 0.3624959886 0.3693439960 0.4372479916 0.5061439872 0.4966399968 0.5745919943 0.6451200247 0.6383680105 0.7104960084 
0.0627520010 0.0634879991 0.0634879991 0.0748160034 0.0867839977 0.0962560028 0.1812479943 0.1157120019 0.0960000008 0.1139520034 0.1240639985 0.2047999948 0.2959040105 0.2909759879 0.3799040020 0.4631359875 0.5643200278 0.6514880061 0.6510720253 0.7404800057 0.8314880133 0.9209920168 1.0076160431 1.0117759705 1.0929280519 
0.0799999982 0.0808959976 0.0829439983 0.1013759971 0.1085439995 0.1197440028 0.1239039972 0.1271360070 0.1249279976 0.1444160044 0.1460800022 0.2508800030 0.3598720133 0.4946880043 0.6044480205 0.7318720222 0.8529919982 0.9676799774 1.0854400396 1.1991039515 1.3165760040 1.3233920336 1.4074239731 1.5790079832 1.6363199949 
0.0993279964 0.1003519967 0.1023999974 0.1331200004 0.1339839995 0.2519040108 0.1515520066 0.1566720009 0.1695680022 0.1723520011 0.3133440018 0.4570559859 0.5856639743 0.7391999960 0.8861119747 1.0219520330 1.1622719765 1.2896000147 1.4343999624 1.5759680271 1.7081600428 1.8619519472 1.9957760572 2.1329920292 2.2602560520 
0.1198080033 0.1218559965 0.1251199991 0.1596799940 0.1604479998 0.1689600050 0.1646080017 0.1909119934 0.1996800005 0.2020159960 0.3774720132 0.5570560098 0.7425280213 0.9226239920 1.2863359451 1.4662079811 1.6506880522 1.8250240088 1.9988479614 2.3705599308 2.5487680435 2.7228159904 2.9018878937 3.0779519081 3.4181120396 
0.1423359960 0.1443839967 0.1503040045 0.1873919964 0.1882559955 0.1832959950 0.1894399971 0.2322880030 0.2508800030 0.4362559915 0.4333440065 0.6563839912 1.0874880552 1.2984319925 1.5083520412 1.9333120584 2.1465599537 2.3490560055 2.7750399113 2.9870080948 3.2010240555 3.6392960548 3.8399999142 4.0817918777 4.4933118820 
0.1628160030 0.1587200016 0.1646720022 0.2047999948 0.2037760019 0.2049919963 0.2227839977 0.2492479980 0.2498559952 0.4843519926 0.4882879853 0.9799680114 1.2162879705 1.6960959435 1.9353599548 2.4113919735 2.6588799953 3.1447041035 3.3669118881 3.6167678833 4.0920000076 4.3622398376 4.8313598633 5.0620160103 5.2828159332 
0.1699839979 0.1732479930 0.1807679981 0.2201599926 0.2206400037 0.2211840004 0.2242559940 0.2672640085 0.2675200105 0.5261759758 0.7956479788 1.0700800419 1.6076799631 1.8758080006 2.4115200043 2.9338560104 3.1334400177 3.7150719166 3.8942720890 4.5456318855 4.9285120964 5.2613120079 5.8347520828 6.0833921432 6.6021118164 
0.1955839992 0.1976319999 0.2067520022 0.2415039986 0.2423360050 0.2486719936 0.2576960027 0.2970559895 0.3092480004 0.5894079804 0.9005119801 1.4960639477 2.0787200928 2.6511359215 2.9471359253 3.5306880474 4.1279039383 4.7125759125 5.3053441048 5.8890881538 6.1952958107 6.7749118805 7.3564162254 7.9668159485 8.5381116867 
0.2223680019 0.2255679965 0.2362879962 0.2671360075 0.2679679990 0.2764799893 0.2958399951 0.3397760093 0.6379200220 0.9649279714 1.2825280428 1.9428160191 2.5652160645 3.1989760399 3.8307840824 4.4598078728 5.1047039032 5.7481279373 6.7123198509 7.3387842178 7.9678401947 8.6138877869 9.2724800110 9.9000320435 10.5400323868 
0.2519040108 0.2570239902 0.2680320144 0.2958079875 0.2960320115 0.2981440127 0.3391680121 0.3526400030 0.6942719817 1.0640000105 1.4069759846 2.4589760303 3.1593921185 4.2033281326 4.8957438469 5.5832638741 6.6396160126 7.3359360695 8.3753595352 9.0757122040 9.7855997086 10.8226556778 11.5148801804 12.5606079102 13.2760963440 
0.2836480141 0.2877439857 0.3081279993 0.3368960023 0.3368960023 0.3349759877 0.3894720078 0.7748159766 0.7699519992 1.5220479965 1.9005440474 3.0023679733 3.7406721115 4.8383998871 5.9871997833 7.1074237823 7.8479361534 8.9518079758 10.0513601303 11.1841278076 11.9110078812 13.0406398773 14.1445121765 15.1719684601 15.8545923233 
0.3184640110 0.3215360045 0.3388800025 0.3512319922 0.3522560000 0.3677119911 0.4033280015 0.8194559813 1.2235519886 2.0239360332 2.4269759655 3.6202878952 4.8212161064 6.0302720070 7.2398080826 8.4439039230 10.0444164276 11.2312316895 12.4529275894 13.6591358185 14.8571519852 16.0605754852 17.2628154755 18.8569602966 20.0714244843 
0.3522560000 0.3572480083 0.3784320056 0.3877759874 0.3880960047 0.4158720076 0.4421440065 0.8918399811 1.3230079412 2.2009279728 2.6316800117 4.3743681908 5.6681280136 7.3998398781 8.7173118591 10.4476156235 11.7637758255 13.4952955246 14.8037757874 16.5390720367 17.8230400085 19.1292800903 20.8633594513 22.1754875183 23.9103031158 
0.3901439905 0.3968639970 0.4197759926 0.4248000085 0.4256320000 0.4568639994 0.4833280146 1.4309120178 1.4427200556 2.8478078842 3.3293120861 5.1969919205 7.0819840431 8.9835844040 10.8554878235 12.2716159821 14.1633596420 16.0449275970 17.9607353210 19.8133754730 21.7006072998 23.5888633728 25.0112648010 26.9343357086 28.7559680939 
0.4280320108 0.4361279905 0.4638719857 0.4641279876 0.4645439982 0.5021119714 0.5099520087 1.5261440277 2.0264320374 3.0177280903 4.0386562347 6.4778242111 8.5125122070 10.5297918320 13.0088958740 15.0080957413 17.0065917969 19.5197753906 21.4967994690 23.5139846802 26.0106239319 28.0053768158 30.0226230621 32.5061454773 34.5006065369 
0.4741120040 0.4777599871 0.5023999810 0.5023679733 0.5036799908 0.5519359708 0.5583680272 1.6642559767 2.1922879219 3.8062078953 4.8753600121 7.5729598999 10.2727355957 12.9566717148 15.1040000916 17.8241271973 20.5447368622 23.2002239227 25.9039688110 28.0580158234 30.7498569489 33.4376945496 36.1553916931 38.8741111755 41.0306549072 
0.5120959878 0.5230079889 0.5448960066 0.5447679758 0.5457919836 0.5949440002 1.1755520105 2.3452160358 2.9224960804 4.6572799683 5.8408961296 8.6917123795 11.5967998505 14.4762878418 17.9631042480 20.8670711517 23.7311992645 26.6209602356 29.5055351257 32.9820175171 35.8778877258 38.7450866699 41.6737289429 44.5432014465 47.4460144043 
0.5570560098 0.5662720203 0.5879679918 0.5888000131 0.6010879874 0.6614400148 1.2612799406 2.5055360794 3.1224000454 5.5910401344 6.8208642006 10.5198078156 14.2438402176 17.9097595215 21.6139202118 25.3132801056 28.4047355652 32.0914878845 35.7850227356 39.5092811584 43.3244171143 47.0600013733 50.7701110840 53.8633918762 57.5878067017 
0.6041600108 0.6151679754 0.6407359838 0.6440960169 0.6560639739 0.6933439970 1.3680640459 2.6984961033 4.0212478638 5.9985918999 8.0058555603 11.9490556717 15.9404802322 19.9418239594 23.8698883057 27.8773117065 31.8273601532 36.4165115356 40.3899192810 44.3432960510 48.3184967041 52.3041267395 56.2188491821 60.2480621338 64.2476196289 
0.6533120275 0.6643199921 0.6845120192 0.6881279945 0.7013120055 0.7342079878 1.4540799856 3.6157441139 4.3183040619 7.1864318848 9.3094396591 14.3094396591 18.6050567627 23.5898876190 28.5891513824 33.6005134583 37.8430709839 42.8656654358 47.8405456543 52.8250885010 57.1114234924 62.0997428894 67.1098861694 72.1052474976 76.3969573975 
0.7034879923 0.7156800032 0.7330880165 0.7378240228 0.7512320280 0.7843840122 1.5431679487 3.8092799187 5.3144001961 8.3384323120 10.6065921783 16.6454086304 21.9280643463 27.9705600739 33.2475852966 39.2840957642 44.5772171021 50.6003837585 55.8909454346 61.9356155396 67.2147521973 73.2682266235 78.5442276001 84.5864944458 89.8880004883 
0.7557119727 0.7689279914 0.7870079875 0.7913600206 0.8055999875 0.8530560136 2.4647679329 4.9203200340 5.7293119431 9.7863683701 12.2214403152 18.7289600372 25.2279033661 31.7235832214 38.2252807617 44.7354888916 51.2141761780 57.7331199646 64.2337570190 70.7399673462 77.2395858765 83.7160949707 89.4383392334 95.9252471924 102.4296951294 
0.8099840283 0.8231679797 0.8458240032 0.8457279801 0.8601599932 0.8919039965 2.6112000942 5.1890239716 6.9079041481 11.2047357559 13.7761278152 21.5152645111 28.3758392334 36.1093101501 42.9785919189 49.8317756653 57.5569915771 64.4208602905 72.1215972900 78.9934082031 86.6543350220 93.5657272339 100.3765792847 108.1497955322 115.0393295288 
0.8673279881 0.8824319839 0.9011200070 0.9016960263 0.9210559726 0.9487040043 2.7928960323 6.4813117981 7.4045438766 12.9304637909 15.7009916306 23.9810562134 32.2798080444 40.5696640015 48.8591346741 57.1559028625 65.4346237183 73.7320938110 82.0295028687 90.3065567017 98.6069412231 106.8986206055 115.5112991333 123.8169631958 132.1391296387 
0.9277439713 0.9450560212 0.9611200094 0.9620800018 0.9789440036 1.0069119930 2.9654719830 6.8782081604 8.8365116119 14.7112636566 18.6204166412 27.4257602692 37.2135696411 46.9866561890 55.7864952087 65.5699234009 74.3855667114 84.1490249634 93.9466552734 102.7451171875 112.5183334351 122.3096313477 131.1055297852 140.8925476074 149.6914520264 
0.9902080297 1.0065920353 1.0196160078 1.0204160213 2.0582399368 2.1032960415 4.1840958595 8.3374080658 10.4224958420 16.6525440216 20.8080310822 32.2447052002 42.6343345642 53.0137596130 64.4478683472 74.8369903564 85.2237777710 96.6563491821 106.5853729248 117.9535369873 128.3072052002 138.5978546143 149.9310150146 160.2662353516 170.6557464600 
1.0455039740 1.0618879795 1.0844160318 1.0842239857 2.1695039272 2.2056961060 4.3970561028 8.7562236786 12.0238075256 18.5722885132 24.0300483704 36.0333137512 48.0370559692 61.1320953369 73.1410217285 85.1425628662 97.1349105835 110.2196807861 122.0710372925 134.0395507812 146.0256958008 157.9962921143 170.8380126953 182.7240600586 194.7105255127 
1.1079679728 1.1263999939 1.1407359838 1.1415359974 2.3022079468 2.3428161144 4.6561279297 10.4410562515 13.9089918137 21.9904003143 27.7728328705 41.6255989075 55.4765434265 70.4808959961 84.3398742676 98.1798706055 112.0239715576 127.0067214966 140.8942108154 154.7527618408 168.5672607422 183.5780181885 197.4507446289 211.2792968750 224.3512268066 
1.1714559793 1.1929600239 1.1987520456 1.1991039515 2.4192640781 2.4494080544 6.0788159370 12.1415357590 15.7603197098 25.4423046112 31.4915523529 48.4352951050 64.1658859253 81.1048965454 96.8396835327 113.7807388306 129.5096588135 146.4465942383 162.1841888428 179.1180725098 194.8569641113 211.7921905518 227.5204162598 244.4707794189 260.1987915039 
1.2390400171 1.2595200539 1.2665280104 1.2671999931 2.5659520626 2.5937919617 6.4562559128 12.8747520447 16.7276153564 27.0059528351 33.4277458191 51.4128303528 68.1112289429 86.1021728516 102.7840957642 120.7695388794 137.4648284912 155.4454345703 172.1499786377 190.1345672607 206.8244476318 224.8120269775 241.5116119385 259.4918518066 276.2127075195 
1.3056000471 1.3317760229 1.3383680582 1.3383680582 2.6941440105 2.7409598827 6.7614722252 14.8399677277 18.8808002472 30.9934082031 39.0778884888 59.2713279724 79.4583053589 99.6713943481 119.8397140503 140.0197143555 160.2235870361 180.4062652588 200.5872955322 220.7887420654 240.9677124023 261.1650695801 281.3585205078 301.5407104492 321.7182617188 
1.3783040047 1.4049279690 1.4089599848 1.4090240002 2.8505280018 2.8803520203 7.1585922241 15.7115840912 19.9898567200 32.8314895630 41.3706245422 62.7622070312 84.1492462158 105.5272979736 126.9155807495 148.2992248535 169.6829376221 191.0679016113 212.4523468018 233.8334655762 255.2206420898 276.6080017090 297.9880981445 319.3746948242 343.3391113281 
1.4622720480 1.4908159971 1.4899200201 1.4908800125 3.0014400482 4.5260801315 9.0284156799 19.5328006744 24.0274238586 39.0311355591 49.5301742554 75.0287704468 100.5304031372 126.0281906128 151.5168914795 175.5330505371 201.0185852051 226.5098266602 252.0094146729 277.5019531250 303.0000305176 327.0014953613 352.4935607910 377.9952697754 403.4856872559 
1.5380480289 1.5656960011 1.5659199953 1.5656960011 3.1631360054 4.7759361267 9.5205440521 20.5957126617 25.3409271240 41.1559371948 52.2333755493 79.1227874756 106.0085754395 132.9007720947 159.7911071777 185.0981750488 211.9896392822 238.8800048828 265.7648620605 292.6550903320 319.5539855957 344.8586120605 371.7510070801 398.6390991211 425.5191040039 
1.6138240099 1.6424959898 1.6414719820 1.6424959898 3.2981760502 4.9687042236 11.5589122772 24.7336959839 31.3282871246 49.4481582642 62.6216964722 93.9160995483 125.2157440186 158.1311950684 189.4168395996 220.7109069824 251.9809265137 284.9238891602 316.1886596680 344.8690490723 375.9426269531 408.6200256348 439.6502990723 470.7000427246 501.7303161621 
1.6803840399 1.7059839964 1.7070080042 1.7066559792 3.4454400539 5.1906561852 12.0770559311 25.8456001282 32.7271690369 51.6833267212 65.4359970093 98.1217269897 130.8241882324 165.2438964844 197.9384307861 230.6375732422 263.3431091309 297.7483520508 330.4601745605 363.1558532715 395.8507385254 430.2632446289 462.9662170410 495.6642456055 528.3637084961 
1.7602560520 1.7917759418 1.8022400141 1.7925120592 3.6085760593 5.4364161491 12.6464004517 27.0663681030 34.2784004211 54.1013107300 68.5280990601 102.7648010254 137.0050506592 173.0519104004 207.2881317139 241.5257568359 275.7529602051 313.6059570312 348.0381469727 382.4783325195 417.4499816895 453.7735900879 488.1000671387 521.9246215820 556.3495483398 
1.8462719917 1.8749120235 1.8851840496 1.8882559538 5.6665921211 7.6126399040 17.0702075958 35.9761924744 41.7003517151 68.1263656616 83.3587188721 126.9084167480 168.5590057373 212.0919036865 253.7153320312 297.2687072754 338.8897399902 382.4252929688 424.0837097168 467.6149902344 509.2673034668 550.9368286133 594.4207153320 635.9288330078 679.3881835938 
1.9356160164 1.9660799503 1.9759360552 1.9773440361 5.9166722298 7.9353599548 15.8504962921 33.6479682922 43.5312652588 69.2449264526 87.0430755615 132.5096893311 176.0041351318 221.5024566650 264.9850158691 310.4502258301 353.9435424805 399.4068908691 442.9045715332 488.3804016113 531.7294921875 574.9429931641 620.3272094727 663.5262451172 708.6647949219 
2.0234239101 2.0446400642 2.0582399368 2.0623359680 6.1892480850 8.3118076324 16.5856647491 35.2060813904 45.5468482971 72.4264984131 91.0438385010 138.5991058350 184.1036834717 231.6482849121 277.1313171387 324.6940307617 370.1790771484 417.6670837402 462.8152465820 510.2113342285 555.3653564453 600.6856689453 648.1622924805 693.6074218750 738.6337890625 
2.0978879929 2.1257278919 2.1257278919 2.1258239746 6.3918080330 10.6813440323 21.3309764862 44.7559661865 55.4112968445 91.6222686768 112.9132156372 170.4210510254 227.9229431152 285.4296875000 342.9365844727 400.4391479492 457.9379272461 515.4592895508 572.9550170898 630.4502563477 687.9605712891 745.4666748047 802.9614257812 860.4696044922 917.9730224609 
2.1892158985 2.2149119377 2.2149119377 2.2169599533 6.6792001724 11.1578884125 22.2928314209 46.7824630737 57.9112968445 95.7605743408 118.0211181641 178.1248016357 238.2366790771 298.3434143066 358.4441833496 418.5559387207 478.6606140137 538.7622680664 598.8682861328 658.9756469727 719.0745849609 779.1933593750 839.2928466797 899.4080200195 959.5036621094 
2.2812159061 2.3214080334 2.3091199398 2.3101439476 6.9374079704 11.5834884644 23.1355514526 48.5621757507 60.1189117432 99.4007034302 122.5135040283 184.8975982666 247.2793579102 312.1456909180 374.8915100098 437.7447509766 500.6047363281 563.4600830078 626.3162841797 689.1877441406 752.0258789062 814.8856811523 877.7379760742 940.6115722656 1003.4537353516 
2.3940479755 2.4164800644 2.4157121181 2.4186239243 7.2866878510 12.1722564697 24.3302402496 51.0310401917 63.1790390015 104.4695053101 128.7526397705 194.3275451660 259.9045104980 325.4805908203 391.0574035645 456.6302795410 522.2020874023 587.7811279297 651.3070068359 713.5139770508 778.6004638672 843.6969604492 908.7587890625 973.8446044922 1038.9289550781 
2.4698879719 2.4983999729 2.4991679192 2.5016319752 7.5192317963 12.5573759079 25.1146240234 52.6615371704 65.1909103394 107.7985305786 132.8609313965 200.5191040039 268.1869812012 335.8467102051 403.5041198730 471.1674194336 538.8441772461 606.4945678711 674.1671752930 743.2836914062 813.3009033203 881.1800537109 949.2130126953 1017.3488159180 1085.6630859375 
2.5728640556 2.6108479500 2.6101760864 2.6118080616 10.4560003281 15.7429122925 34.0623359680 68.0959014893 86.4143676758 138.7683868408 175.4050598145 264.3916931152 350.7562255859 439.7407226562 528.7086181641 615.0809326172 703.9518432617 792.9384765625 881.6107788086 967.7567749023 1056.0982666016 1142.4420166016 1231.4323730469 1319.3996582031 1405.8570556641 
2.6691520214 2.7145600319 2.7144639492 2.7166719437 10.8283519745 16.3174076080 35.3218574524 70.6088943481 89.6172485352 143.9216003418 181.9166717529 274.2179870605 363.8016052246 456.0949096680 548.3952636719 637.5220336914 729.4248657227 821.2543334961 913.3027954102 1002.6555175781 1094.7399902344 1184.2888183594 1269.4793701172 1361.0886230469 1450.0341796875 
2.7716479301 2.7932479382 2.7924480438 2.8006401062 11.2147197723 16.8519363403 36.4873275757 72.9425888062 92.5665283203 148.6551055908 187.9146270752 283.2529296875 375.7957153320 471.1381835938 566.4880371094 659.0177001953 754.3582763672 849.6968383789 945.0413818359 1037.5803222656 1132.9188232422 1225.4526367188 1320.7982177734 1416.1381835938 1508.6694335938 
2.8741118908 2.8948481083 2.8948481083 2.8996160030 11.6120004654 17.4325752258 37.7354240417 75.4472961426 95.7544021606 153.7597503662 194.3719024658 292.9829101562 388.7022094727 487.3103332520 585.9277343750 686.8216552734 786.1903076172 885.5654907227 984.9126586914 1081.3544921875 1180.7241210938 1277.1606445312 1376.5367431641 1475.9056396484 1572.3488769531 
2.9983680248 3.0248959064 3.0218238831 3.0326719284 12.1353597641 18.2559680939 39.4784622192 78.9227523804 100.1689605713 160.8541717529 203.3336334229 306.4996337891 406.6447448730 509.8059692383 611.8809814453 707.7243652344 810.1068725586 912.4994506836 1014.8905029297 1114.2645263672 1216.6596679688 1316.0367431641 1418.4278564453 1520.8370361328 1624.2657470703 
3.0822401047 3.1353280544 3.1351680756 3.1371200085 12.5081596375 18.8345928192 40.7881584167 81.5477447510 103.4905624390 166.1997833252 210.0951080322 316.6803894043 420.1516418457 526.7484741211 633.3351440430 736.5375976562 842.8067016602 949.1693725586 1055.3969726562 1158.5202636719 1265.1162109375 1368.0650634766 1474.6214599609 1581.0938720703 1683.8061523438 
3.1956479549 3.2347838879 3.2348160744 6.4498238564 16.1863689423 25.9821128845 55.1639022827 113.5452194214 142.7281951904 230.2823944092 288.6604614258 434.5794677734 580.4912719727 726.2518920898 871.3046264648 1016.3363647461 1162.0853271484 1307.8864746094 1453.6099853516 1599.0128173828 1741.3110351562 1878.4768066406 2023.4680175781 2168.4594726562 2313.4431152344 
3.2992000580 3.3208320141 3.3215360641 6.6488318443 16.6338558197 26.6405754089 56.5811195374 116.4548797607 146.4002532959 236.2113342285 296.0857849121 445.7770996094 595.4631958008 745.1424560547 894.8326416016 1044.5141601562 1194.1933593750 1343.8793945312 1493.5725097656 1643.2374267578 1789.5930175781 1939.2730712891 2104.8352050781 2255.6682128906 2406.4921875000 
3.4391679764 3.4580481052 3.4584000111 6.9518399239 17.3511676788 27.7893447876 59.0284805298 121.4944610596 152.7247009277 246.4249572754 308.8907775879 465.0518188477 621.2261352539 777.3911132812 933.5543823242 1089.7182617188 1245.8831787109 1402.0632324219 1555.6536865234 1701.4321289062 1852.9816894531 2007.9694824219 2162.9572753906 2317.9541015625 2473.1206054688 
3.5267519951 3.5763840675 3.5763840675 7.1136641502 17.8432006836 28.6433277130 60.8276481628 125.2136993408 157.3992004395 253.9695739746 318.3588562012 479.3049621582 640.2440795898 800.8734741211 960.8458862305 1121.3127441406 1282.0111083984 1442.8520507812 1603.6096191406 1764.1390380859 1920.6931152344 2081.8156738281 2242.6777343750 2403.1713867188 2564.0419921875 
3.6450240612 3.6904959679 3.6901760101 7.3569278717 18.4616966248 29.6277122498 62.9125137329 129.4857635498 162.7781829834 262.6325683594 329.1997375488 495.6296081543 662.0682373047 827.5201416016 993.5062255859 1159.4827880859 1325.5465087891 1484.6844482422 1650.0684814453 1815.4140625000 1977.1115722656 2142.4875488281 2307.8486328125 2473.2170410156 2638.5837402344 
3.7590079308 3.7804799080 3.7805759907 7.5676479340 18.9302082062 30.3105926514 64.3891220093 132.5341796875 166.6047973633 268.8206787109 336.9696655273 507.3193054199 677.6956176758 848.0383300781 1018.3923950195 1197.7564697266 1369.4842529297 1541.1230468750 1712.7659912109 1884.4232177734 2052.2639160156 2223.9111328125 2395.5793457031 2560.6833496094 2718.1977539062 
3.8798398972 3.8989760876 3.8993599415 7.8153281212 19.5594234467 31.3262081146 66.5313262939 136.9507904053 172.1644134521 277.7825317383 348.2040405273 524.2431640625 700.2767944336 876.3187255859 1052.3555908203 1228.3986816406 1404.4333496094 1580.4774169922 1761.7847900391 1941.4552001953 2114.4167480469 2291.6660156250 2468.6425781250 2645.4838867188 2822.0695800781 
4.0110077858 4.0549120903 4.0555520058 8.0784320831 20.2204475403 32.4753608704 68.9725418091 141.9726104736 178.4762573242 287.9751586914 360.9682617188 543.4710083008 725.9627685547 908.2194213867 1089.8043212891 1271.3676757812 1453.7105712891 1636.0122070312 1817.5717773438 1999.5640869141 2165.8525390625 2346.9536132812 2528.0913085938 2709.2685546875 2890.3662109375 
4.1264638901 4.1410560608 4.1349120140 8.2933759689 29.0263042450 53.9302406311 107.8343658447 219.7800903320 277.8227844238 443.6714477539 555.6162719727 837.5305786133 1115.3121337891 1393.0844726562 1674.9803466797 1952.7403564453 2247.4960937500 2531.5454101562 2815.6123046875 3095.4895019531 3375.3815917969 3655.2836914062 3913.8559570312 4187.3447265625 4465.1347656250 
4.2493438721 4.2629117966 4.2627840042 8.5381116867 29.8808326721 55.5184631348 111.0016021729 226.2538299561 285.9952087402 456.7101440430 571.9447631836 864.5743408203 1154.8732910156 1441.9050292969 1733.3391113281 2020.6582031250 2308.6267089844 2600.3149414062 2891.7883300781 3178.8317871094 3465.3605957031 3752.5617675781 4043.6049804688 4309.6533203125 4595.5195312500 
4.3784317970 4.3909120560 4.3897280693 8.8062400818 30.8208961487 57.2682228088 114.5005722046 233.3694763184 295.0061950684 471.1036071777 589.9642333984 889.3204345703 1184.2755126953 1479.2113037109 1778.5194091797 2073.4545898438 2368.3869628906 2667.7072753906 2989.7514648438 3286.8999023438 3583.9384765625 3881.1821289062 4182.9550781250 4448.2231445312 4741.1640625000 
4.5040960312 4.5230078697 4.5229120255 9.0502080917 31.6708488464 58.8371505737 117.6483840942 239.7918090820 303.1264648438 484.0837097168 606.2304077148 913.8339843750 1216.9034423828 1519.9969482422 1834.4151611328 2142.7517089844 2447.4626464844 2756.7883300781 3065.8203125000 3369.2312011719 3674.2465820312 3978.2961425781 4287.1918945312 4591.5512695312 4871.5590820312 
4.6374077797 4.6510400772 4.6509442329 9.3286399841 32.6492156982 60.6661758423 121.2887039185 247.2140808105 312.5063781738 499.0575561523 624.9810180664 942.1007690430 1254.5577392578 1567.0036621094 1884.1159667969 2196.4985351562 2508.9433593750 2826.0107421875 3143.1445312500 3481.8088378906 3793.2666015625 4067.3750000000 4383.4140625000 4700.3920898438 5029.4833984375 
4.7687678337 4.8187842369 4.8187518120 9.5824956894 33.5336303711 62.7220497131 125.4154205322 255.6250305176 323.1373291016 516.0431518555 646.2570800781 972.0310058594 1292.8112792969 1613.6430664062 1939.1785888672 2260.1430664062 2596.1921386719 2924.8747558594 3252.9960937500 3576.0270996094 3899.0029296875 4198.6635742188 4524.0776367188 4845.0634765625 5221.2783203125 
