1.0000000000 8.0000000000 32.0000000000 128.0000000000 512.0000000000 1024.0000000000 2048.0000000000 4096.0000000000 5120.0000000000 8192.0000000000 10240.0000000000 15360.0000000000 20480.0000000000 25600.0000000000 30720.0000000000 35840.0000000000 40960.0000000000 46080.0000000000 51240.0000000000 56320.0000000000 61440.0000000000 66560.0000000000 71680.0000000000 76800.0000000000 81920.0000000000 
5.2977000014 0.4853999999 1.6751999938 8.4006000106 27.2947999911 34.0412999940 55.5574999889 153.6949000001 156.0672000051 236.6913000005 250.8608000062 433.4652999969 412.0855999936 227.2082999989 353.7321999902 350.6977999932 366.8463000067 510.4386000021 455.2559000003 805.0900999951 557.9151999991 673.8246999885 724.4657999981 739.3563000078 817.3280999908 
0.0153000001 0.3852000082 0.4680999991 1.8209999980 8.6207999993 19.7244000010 36.3885999977 80.7279000001 87.7210000035 178.9719999942 260.8423000056 324.3313999992 397.1897000010 581.6892000003 606.2896999938 745.1880000008 875.6091000105 898.0557999894 953.7475999969 1113.9725999965 1206.2253000040 1292.5629000092 1526.3076999981 1568.1914000015 1648.2738999912 
0.0578000036 0.5133999948 3.2109000022 11.0609999974 38.7363999907 67.7990000113 68.5324000078 168.7073000066 156.6202999966 245.3833000036 350.8872999955 567.4466000055 728.2857999962 824.2514000012 1106.9128999952 1170.5543999997 1378.8708999928 1674.1991000017 1750.6964999920 1957.1540000034 2035.4476000066 2298.5432999994 2457.3443999980 2632.3869000043 2760.4190999991 
0.0965999934 0.8894999919 3.7646999990 19.3436999980 57.4835999869 53.6752000044 112.8086000099 184.0699000022 268.5598999960 488.6028000037 544.3169000064 844.8593000066 1100.7085999881 1319.7658999998 1564.8400000064 1798.6841999955 2166.7497999879 2272.2262000025 2642.6492000028 2827.3534000036 3176.0624000017 3404.2473000009 3634.9246999889 3769.5363999956 5150.9290999966 
0.3548999957 1.3050999987 6.3193000096 23.4706999909 92.1261000040 117.2894000047 216.8589000066 266.7979999969 461.8635999941 589.9848999979 748.1556999992 1303.6308000010 1453.7889999920 1880.6729999924 2262.8379000089 2489.1685000039 2933.4494000068 3353.6299999978 3591.9740999962 4095.0746999879 4277.4311999965 4693.8516999944 5045.8606000029 5374.0118999995 5737.5303000008 
0.1972000027 2.0933000051 5.6512000010 28.9258000121 108.9122999983 103.4303999913 189.9751000019 406.3995999895 525.0980999990 788.0627999984 980.3688000102 1616.1589999974 1999.0297999902 2395.3014000144 2962.8253999981 3521.2486999953 3803.0241000088 4382.9723000090 4907.2911999974 5326.2936999963 5957.7460000000 6221.5825000021 6631.0566000029 7193.9724999975 8627.9420000064 
0.4081999941 1.8587000086 9.2144000082 36.9649000058 99.6965000086 110.1981999964 265.7380000019 498.5733999929 731.3908999931 1209.7981999977 1307.3341999989 1960.5183999956 4140.2945000009 3311.0503000062 3849.6635000047 4358.7707000115 4995.6913000060 5614.3585000100 6157.3099000088 6930.9999999969 7276.9713999878 7941.9227000035 8539.2844000016 9070.7395000063 9640.9603000066 
0.3155000013 2.7210999979 11.4105999965 44.0276000008 114.1430999996 144.4352999970 296.3057000015 654.5616000076 733.8357999979 1549.2434999906 2775.7515999983 2382.1895000001 3120.1782999997 3775.0079999969 4630.3110000008 5256.5318999987 6120.4728000012 6871.8385999964 7476.7578000028 8260.0627999927 9043.9633000060 9842.1409000002 10394.7684999875 15408.1663999968 15374.0547000052 
0.3407999902 4.4663000008 14.0126000042 69.9154000031 218.9222000015 423.6410999874 520.9411999967 691.3416000025 1020.3689000045 2513.0237000121 2123.8900000026 3594.1972000001 4854.5868000074 4639.4798000110 5807.2589000076 6513.4384999983 7318.4707000037 8321.7798999976 9138.9760000020 10138.0620999989 11029.0891999903 11896.9235999975 12811.6627999989 13633.0954000005 14642.6375000010 
3.8139999961 5.8824000007 20.2404000011 60.4629000009 99.8117999989 251.1759000045 400.4494999972 1004.7407999955 1175.7662000018 1818.6648999981 2367.2785000090 3587.8890999884 4486.1716999876 5595.2093999949 6564.6641000058 7903.1379999942 8843.9141999988 9879.6103999921 11048.0105000024 12141.6679999966 13188.4563000058 14246.0729000013 15386.9282999949 16394.9563000060 17973.3925999899 
0.7002999919 4.0365000023 17.4810999888 78.7166999944 154.1790000047 245.3002999973 538.6048000073 1135.5532000016 1398.6339999974 2356.0627999977 2666.5070000017 4047.4938999978 5379.4352000114 6685.6432000059 8040.2726000029 9249.7272000037 11302.9497999960 12161.3385000092 13514.9239000020 14428.0727999867 16319.1143000004 17082.8704000014 18234.2169000040 19557.6213000022 20779.3753000005 
0.7532000018 7.8557999950 30.0836000097 80.6312999921 169.6505000000 290.7124999911 759.9655000085 1288.5145999899 1639.6780999930 2499.1989999980 3281.3526999962 4614.0570999996 6309.8405000055 7935.2835999889 9193.8896000065 10852.6750000019 12549.0428999910 13855.0116999977 15539.6858999884 16815.2730000002 19810.0281999941 22067.3322999937 27495.8781999885 24824.4336999924 24597.0490999898 
0.7578999939 6.8584999972 29.2595000064 93.3765000082 162.1111999993 415.1624000078 771.3721000036 1536.1629999970 1854.5687000005 2986.8973999983 3724.3645999988 5412.3359000077 7278.1219000026 9086.3977999979 10870.6804999965 12408.9459000097 14202.7881000104 15911.1162000045 18830.7424000086 19526.8929000013 21308.3624999999 22949.5659000095 27927.1983000071 26570.9619999980 28337.8642000025 
0.7513000019 6.8651000038 34.0039999865 82.8623999987 200.8518999937 430.5012999976 932.6980000042 1667.2173999978 2188.8516000035 3631.5018000023 5054.0386999928 6323.4601000004 8530.4236999946 10279.9467000004 12834.0479000035 14772.7019000013 16294.7931999952 18456.2557000027 20327.1256000007 22954.5618000120 24436.1735999992 26365.6851999986 28354.4909000047 30787.3318999918 32468.1564000057 
1.8420999986 8.3141000068 40.2783000027 80.0329000049 252.1760999953 523.2284999947 952.2475999984 1867.6659000048 2391.2410000048 3701.5147000056 4774.4471000042 8063.8619999954 12163.1849000114 14729.1366999998 16477.6017999975 15901.8382000068 18069.2273000022 20313.7504999904 22691.8728000019 25161.9082000107 27257.9357999930 29289.2339000100 38844.5128000021 40735.6513000123 37893.9886000007 
1.0922000074 8.8383999973 47.7420999960 143.5010999994 278.6150000029 538.5586000048 1130.8873999951 2073.0437999882 2804.2624999944 6821.5393999999 5524.9122999958 8179.8252000008 10525.8366000053 13051.6038000060 15642.6378999895 18619.3407999963 21125.9656000038 25949.4185999938 26168.5247999994 29644.6691000019 31772.3540000006 40116.4045999903 39717.5115999999 47590.5122000113 52364.4914999895 
1.3040999911 12.2797000076 46.3405999908 136.6585000069 646.6712999973 897.6073999947 1355.4812999937 2428.5419000080 3142.2166999982 4753.7766000023 6066.0962999973 8976.3174999971 11871.9113999978 14640.3524000052 17585.8844000031 20527.5266000099 23387.2150999960 26089.7642999917 29375.3863000020 31948.5384999862 35729.0527000005 37644.1622999992 40906.5888000041 43493.3696999942 46415.4736000055 
1.5162000054 13.8556000020 61.7985999997 94.2318000016 340.4305000004 721.6747999919 1432.0272999903 2745.5126999994 3471.6622999986 5506.0061999975 6628.6111000081 9918.1823000108 13296.4004000096 17624.1259999952 19758.3846999914 22903.8640000072 26280.4059000046 31925.4553000064 41151.6566000064 35988.6693000008 40258.6163999949 42555.7630999974 45790.5111000000 50310.9881999990 52235.1032000006 
1.5540000022 11.5933000052 53.0256999918 108.5519000044 390.7118000061 801.4574999979 1603.3776999975 2972.8475000011 3715.6872999913 5954.1538000049 7442.9310999985 10981.6296999925 14798.2021999924 18471.4881999971 21875.7399000024 25611.7551999923 29108.0585000018 32881.3625000039 36540.7871999923 40024.3197000091 43791.8572999915 54856.3526999933 55040.9252000100 54833.3552000113 58200.0905000023 
2.1840000118 15.0984999927 62.7171999949 91.2090999918 509.8158999899 878.9770000003 1661.1173000128 3394.4162999978 6003.1100000051 6557.5907000020 8227.1516000037 12236.4645999915 16468.2462000055 20398.6562000064 24343.7485000031 28185.8930999879 32407.6171000052 37263.8980000047 40377.1897999977 44383.1214999955 48441.1842999980 52450.3922999866 56277.8783000103 70685.8610000054 64451.2644000060 
2.1592999983 15.1413999993 73.9571000013 102.7587999997 437.0156000077 1016.7927000002 1869.0067999996 5270.8194000006 4662.8388000099 7246.3641999930 9112.5938000041 14109.4386999903 18124.3954000092 22656.7321999901 26975.0149000029 31385.6380999932 35685.5667999916 40282.9802000051 44574.2825999914 48967.8607999958 53706.3532000029 58014.5157000079 62288.9266999991 78383.8022999989 73241.0373000021 
1.9534000021 16.6630000022 68.5077999951 159.9036999978 467.6688999898 1100.2564999944 2078.3302000054 4167.1789999964 5095.6673000037 8062.8199000057 9935.9847000014 14942.0756000036 19637.8181000036 24497.7714999986 29447.9884000029 35708.3331000031 40487.5412999972 44136.1859000026 49055.0809999986 53754.0289000026 62117.8076999931 63384.6591999900 77774.9003000063 80982.0785000047 79182.5208000082 
2.9797000025 20.5696999910 71.5969000012 162.1983999939 643.5626000020 1121.9950999948 2257.5016000046 4489.0607999987 5510.9429000004 9075.1621000090 10968.6385999958 16804.3034000002 21807.7836000011 27085.4339999933 35400.6729999965 38878.6588000075 43218.1902000011 49999.3286999961 56035.1727999951 59687.6564999984 68638.8259999949 82684.2084000091 85981.9636000029 82656.9082999922 91322.6832999935 
0.9048000065 9.1791000013 30.5396000040 173.8088999991 602.4520999927 1227.2879999946 2232.4973000068 5509.7306999960 5838.2387000020 9731.4481000067 12695.2301999991 18467.1203999897 22717.7204000036 28519.4287000049 33795.2021999954 39472.9798000044 45012.6413999969 54950.7840000006 72396.3011000014 69710.0406000100 72579.6919999993 80928.2929000037 87807.0483000047 93521.4650999987 98144.6791000053 
2.2906000086 14.0557999985 35.6435000140 172.7297000034 698.6655999935 1368.3563999948 2677.2645000019 5179.6133000025 6548.5527999990 10933.3637999953 14953.6332999996 20794.2015000008 29947.3525999929 40742.3567999940 41148.8283999934 47886.9503999886 54388.6927999993 55241.5473000001 62591.6166000097 70986.2157000025 79769.5477999951 83244.6381999907 88896.8212000036 104286.5987999976 107599.5049999910 
1.2990999967 13.4588000074 45.5095999932 172.2475999995 674.3365000002 1376.7816000036 2794.3181000010 5445.0527000008 6803.1344000046 10910.7774000004 13633.5946000036 20313.9656999992 27885.4400999990 34158.8478000049 40883.2525000034 47695.6757000007 55001.5447999904 62490.8653999883 67855.5729000072 86984.8124999990 81475.5260000093 88363.4487999952 99502.7915000101 109780.9675000026 113936.8439999962 
3.6733000015 12.9408000066 53.5163000022 155.6586999941 794.1767000011 1448.3804000047 2937.8725999995 5890.8617999987 7297.7715000015 11611.1571000074 15365.7421999960 22424.6274000034 29202.9830999963 47182.4376000004 43897.0323000103 51168.6022000067 58405.3420999990 65646.0866999987 73235.5991999939 80897.7416999987 90244.2734000069 97190.2586000069 121687.5410000066 109772.0892000070 119475.2149000124 
3.2377000025 21.4068999921 49.6107999934 256.0118000110 792.4356000003 1544.5535000035 3122.0932000142 6321.4945999935 8100.0732999964 12674.4504999951 15852.5575999956 25814.3691000005 31844.2528000014 39414.2740999960 47519.7132000030 55484.7092999989 63231.9569000101 80588.4803999943 79045.0304999977 87815.6024000054 95950.9646999941 104800.0888999959 110276.4288000035 124967.9493000003 129591.1881000065 
1.4379999920 14.5633000066 79.8929000011 198.8608999964 927.9800999939 2373.2739999978 4149.0342999896 6970.8045000007 8666.7087000096 13831.2742999988 16949.5243999991 25248.7093999953 33834.7398999904 42965.1240999956 50755.3222999995 59429.1633999965 67313.7340000103 78126.8738999934 90972.3420000082 97973.3585000067 105175.8537999995 110916.5998000099 118463.4375999885 126743.7213999947 146830.4500999948 
1.4312999992 11.8001999945 70.4213999998 276.0981000029 1020.6526999973 1760.8639999962 3663.1827999954 7231.8974999944 9147.4627999996 14626.6971000005 18244.1898999969 28678.4138000075 39000.0160999916 48009.1242999915 55219.7545000090 63771.8659999955 72693.3911999949 81763.3824999939 91408.9609999937 110224.8263000074 111351.2695999962 118352.1848999953 127387.3029000097 138705.4075999913 155372.4706999928 
3.9874999929 40.5084999948 85.6910000002 293.9579999947 969.4582999946 1951.4505999978 3866.1215000029 7649.3026999960 9613.0395000073 16072.6144000073 20781.2447000033 29321.0010000039 38521.2780000002 48459.7279000009 57751.1837999918 67208.9350000024 76867.3239000054 87160.8532000100 104540.5045999942 114352.2002999962 115421.1362000060 125329.1191000026 134612.8797999991 151289.8171999987 158716.8076999951 
1.8235999887 13.9819000033 67.1430999937 280.3862000001 1067.7508999943 2149.1186000057 4963.7553999928 8249.7164999950 10286.6230999934 16432.9692000028 20486.2018999993 32699.5419999876 41017.4350000016 52618.5735999898 62105.2544999984 71916.7266000004 82168.4723999933 103543.8394000084 102625.9935999988 113304.5697999914 123457.2245000018 135838.9861000032 159353.1741999905 153678.0150999984 163989.5760000072 
4.6542999917 38.0289000022 85.2958000032 265.2455999923 1133.0499999895 2126.4353000006 4420.8139999973 9416.0382000118 11116.0585000034 17772.8230000066 22051.1717000045 33119.1670999979 43484.9587000062 54753.0267999973 68370.5831999978 86226.7429000058 87673.5406000080 100171.0835999984 109229.1055999958 120010.3562000004 132642.2719000111 150985.0854999968 152991.4028000057 164748.7659000035 179623.3433000016 
4.6810000058 43.4240000031 93.8517000031 367.7654000057 1205.9388000052 2342.1711999981 5610.8881999971 12112.6380999922 14363.5788000101 21392.2800000000 24086.2058000057 35151.9661000057 46436.2708999979 58089.2426000064 69828.9625999896 81348.7878999877 93738.3716999902 104374.8673999944 126694.9385999906 129372.0463000063 139379.5387999999 152645.1837000059 163096.4653999981 184594.5313999982 194220.3153999872 
5.6430999975 22.9934999952 85.8953999996 284.7764000035 1231.4991000021 2413.6803000001 4867.5034000044 10716.4408999961 12514.3634999986 19975.7867000008 24378.6712000001 37046.6185999976 49631.0419000074 61498.8621000084 81957.1206999972 86625.7019999903 98006.3222000026 111656.2730999867 122485.4807999945 134992.7776999975 159164.6289000055 158749.8714000103 171604.9436000030 182632.9258000042 207993.0425000057 
2.5697999954 18.7437999994 76.4525999984 348.4697000094 1381.2122999952 2637.3056000011 5173.9629000076 11477.4854999996 15856.8392000016 21714.8220999952 26095.3204000107 39001.5438999981 51900.5013999995 64847.2808999941 80378.6347999994 91214.1795999923 113918.9919000055 116668.7697000016 131043.8969000097 144000.6810000050 159176.7009000032 182500.7288000052 183947.7532000019 195821.7511999974 225942.6432000037 
6.4166000084 32.1328999999 83.6181000050 349.7504999978 1388.4931999928 2778.8409000059 5459.4484999980 11678.3719000086 14585.6741000025 22470.5419000093 28312.4733000004 42291.5924999979 55069.6349999926 69049.5748000103 82886.9937999989 96025.0037999940 110445.8548999974 126506.3525000005 138903.7817999924 154230.5080999940 166650.0790999999 180374.4800999993 193013.1033999933 207041.7081000051 224329.7794000100 
2.2526999965 31.3402000029 87.8263999912 372.9041000042 2226.6442999971 2955.4640999995 5999.7255000053 11963.7855000037 14698.0542999954 23144.0870999941 29058.3110000007 43625.7527999987 58442.1319999965 72698.4050000028 87235.5480999977 101873.7258000037 117850.1852000045 132872.5419000111 147249.7963999922 160562.0739000005 175473.2298000017 188956.0484999965 206617.7880999894 222793.6902999936 232809.2936000030 
7.0970000088 27.2355999914 92.1069000033 424.9951999955 1593.1723999965 3192.0858999947 6162.4222999963 12419.5704000012 15601.5680999990 25749.6495999949 31854.7700000054 46679.4179999997 62228.8598000014 79479.9504999974 93013.1841999973 108790.4055999970 125644.8412000027 139172.2614000028 159424.7061999922 171105.8803999913 186711.4558000030 205939.6405000007 217441.8593000009 233328.8185999991 249320.1236000023 
5.4401999951 35.8287999989 89.6648000053 429.1362999938 2326.4998999948 3455.5693000002 6550.1337000023 14970.5430000031 16089.8239000089 25848.1526999967 32144.9774999928 49434.1950999951 64117.9272000008 80197.6284999982 96435.3499999997 113140.4150000017 128130.1622999890 143876.2273000029 161303.2248999953 181087.3183000076 198762.2648999968 215651.6391999903 226355.8156000072 242805.2057000023 260784.1139999946 
6.9069000019 38.5654999991 91.9995000004 437.3980999953 1714.9899999931 3462.7961000078 6811.7583999992 13899.6638999961 20005.3585999995 27263.8696999929 33917.5418999948 50589.3856000039 67323.6719000124 84410.9325000027 101442.6619999867 118952.4269000103 135563.0418000073 153262.1492000035 169055.9827999969 185897.6534999965 203655.9783999983 219402.6466999931 279779.0676000004 357134.8499000014 284790.8606999990 
7.9934999958 46.3162999949 154.4866000040 503.4633000032 1809.2548000132 3549.5769999980 7110.9902000026 15066.0355000000 17749.6772000013 29862.4300999945 35265.9215999884 53593.9594000083 71047.4410000024 89327.5875999971 110258.9384000021 127060.9484000015 141719.2848999985 159964.8775999958 180782.1265000093 196615.8208999987 215571.5369999962 231666.0889000050 252108.9873000019 268483.4665999952 285683.9850999968 
8.2410999894 41.0048000049 103.1903000112 463.2601000048 1990.9709000058 3734.8894000024 7433.2114999997 14946.1260999960 19647.5929000007 29788.0121000053 37343.7178000022 55899.5375000086 76276.6110999946 93873.3661000006 113287.5873000012 130771.7179000028 154743.6556000030 169826.5479000111 189829.1399000009 207631.1909000069 223846.5826000029 245771.4620999905 263909.5718000026 281746.0742999974 303390.5300999904 
9.6661999996 34.2490000039 110.0624999963 556.6688999970 1950.3689999983 4696.8265999894 7929.5025000029 15905.6924000033 19599.7950000019 31311.3186999981 39098.9588999946 59517.5948999968 78064.4927999965 105197.1913000016 136519.1635999945 167173.9149999921 158431.4622999955 181073.8819999970 197255.1413000037 217259.5912999968 239733.4315000044 256965.8339999878 280539.3271000066 294016.2442000001 316533.7838999985 
4.0988999972 47.6802999910 117.0893999952 650.2353999967 1998.5840000008 4189.5752999990 8105.3332000010 17424.5797000040 21219.5935000054 32728.6802000017 41121.1302000011 61732.4063999986 83407.3639999988 103465.6783000100 123263.6040999932 143901.2812000001 164266.2761999964 185575.7536000019 208535.7963000133 225876.5690000000 247457.2578999941 272701.5698000032 292556.4065999934 312334.2700999929 396899.0967999998 
7.1662000119 68.5568999907 286.3036999915 1108.2098999905 4433.4750000125 8921.6121999925 14378.2087000000 17524.5550999971 21552.5549000013 34777.3455999995 43388.7284000084 85855.9687000088 137686.7722000025 111279.4147999957 129333.4114000027 150202.7751999995 175388.6280000006 194796.9862000027 215907.9119999951 237588.8826000009 263233.4051000071 281908.3761999937 303866.5884000075 329725.4070000054 348338.9082999929 
9.1788999998 64.7043999925 215.7962999918 649.6815999999 2322.5453000050 4534.7009000106 9120.8314999967 18234.3451999914 22842.0121999952 36346.3782000035 46668.7730999984 70586.7779999971 92711.2493999884 116160.2285000117 139550.9657999937 159594.2450000002 184197.5181000016 205512.5088000059 229860.4543999973 251132.9867000022 277686.1512000032 297416.8675999972 323274.4077000098 342200.3961999872 365726.9820999936 
5.4734000005 36.5803000022 149.4211999961 557.0536000014 2370.0263000064 5355.7844000024 9783.9879999956 19311.5017000091 23594.6823999984 37840.5601999984 46230.0879999966 69620.3265999939 93259.9208000029 118864.7645000019 142696.1106999952 168129.8177999997 190862.3117999960 211266.2998999876 235649.7376000043 261190.5001999985 283906.9126000104 304592.6323999884 329198.3827000076 352439.4866000221 374682.1057999914 
5.3421999910 44.5341999875 151.7770999926 771.6933999909 2428.6668999994 4818.1327000202 10577.1264000214 20060.5226999905 25074.3488000007 41382.4627999857 48490.9883999790 72760.1500000164 99022.3565000051 126486.9841999898 145708.6993999837 170551.2862000032 196898.5792000021 223744.4028000173 250393.6036000086 273214.0720000025 367473.0364000134 389256.3806000107 340220.9004999895 366233.8512999995 390258.6209999863 
12.9820000147 72.1543999971 202.6231999916 853.3964999951 3281.9084000075 5237.4560000026 10459.4841999933 20546.3638000074 25470.1401000202 40632.5543999847 51208.4840000025 80461.2167000014 103765.2664000052 128025.4044999892 152722.0557999972 179732.3835999996 206738.4216999926 237647.5082999968 255121.5754000004 282989.5556999836 310323.4255000134 335470.0998000044 359129.8796000192 393529.9051000038 413985.9780000115 
9.3768999795 42.6045999920 292.6427999919 897.3172999977 2693.0659000063 6031.9157000049 10935.3092999954 21893.6677000020 27384.9755999981 42895.6994000182 54995.7511000102 80067.6905000000 109267.4140000017 138357.2317000071 162360.3625000105 190804.7334000003 219440.0764000020 247108.5533000005 276785.2918999852 