0.962241613705784 0.000000000000000 0.000000000000000 0.000000000000000 0.000000000000000 0.000000000000000 0.000000000000000 0.000000000000000 0.000000000000000 0.342155047139798 0.527298203136216 0.000000000000000 0.000000000000000 0.000000000000000 0.000000000000000 0.000000000000000 0.000000000000000 0.000000000000000 0.113566147504441 0.189796854644424 0.095126568983415 0.000000000000000 0.000000000000000 0.000000000000000 0.000000000000000 0.000000000000000 0.000000000000000 0.205349013383949 0.360989920286521 0.439097499632753 0.700009222438294 0.000000000000000 0.000000000000000 0.000000000000000 0.000000000000000 0.000000000000000 0.156376038456752 0.204355667344178 0.867529612833027 0.577995246257994 0.983706139482547 0.000000000000000 0.000000000000000 0.000000000000000 0.000000000000000 0.903455258319789 0.116368960594956 0.634178981448990 0.217406489982193 0.333235111405528 0.018592663463968 0.000000000000000 0.000000000000000 0.000000000000000 0.370691682540570 0.020646586551374 0.545585664395411 0.307106256431419 0.713234885615364 0.207840330730199 0.291324755785884 0.000000000000000 0.000000000000000 0.554997673190662 0.344620274121524 0.814895121417238 0.738670220167343 0.499204867413179 0.851855993656921 0.625694314942851 0.332350865408973 0.000000000000000 0.088231326796235 0.356355135185819 0.503794426828082 0.445122026389714 0.993658013894270 0.186834095069365 0.220192087563329 0.618870955274991 0.086591983899527 


1.039240026368015 0.000000000000000 0.000000000000000 0.000000000000000 0.000000000000000 0.000000000000000 0.000000000000000 0.000000000000000 -0.000000000000000 
-0.674345594384013 1.896460094216692 0.000000000000000 0.000000000000000 0.000000000000000 0.000000000000000 0.000000000000000 0.000000000000000 -0.000000000000000 
0.104767645221375 -3.783823643463391 10.512310185121351 -0.000000000000000 0.000000000000000 0.000000000000000 0.000000000000000 0.000000000000000 -0.000000000000000 
-0.022825646103620 1.395502361034006 -6.594097577132431 1.428552607516755 -0.000000000000000 -0.000000000000000 -0.000000000000000 0.000000000000000 0.000000000000000 
-0.104097971959088 2.123025238590150 -5.396310055284848 -0.839373246779248 1.016563747915636 -0.000000000000000 -0.000000000000000 0.000000000000000 -0.000000000000000 
-47.719030032958720 62.824485287516652 -184.742039850108483 -1.660223174245319 -18.219806669656741 53.784655541039974 0.000000000000001 -0.000000000000000 0.000000000000000 
32.852411521367934 -44.537926154801141 132.276455627902124 1.733509294478369 10.509789692732905 -38.371680998080343 3.432595342961430 0.000000000000000 -0.000000000000000 
59.374733876870408 -76.157668054254458 221.474630490487755 -0.922476633349124 25.386611439846192 -65.616915145603102 -6.462313221141642 3.008868349927281 0.000000000000000 
-402.510329124687985 504.673019149917252 -1485.970246742019526 8.055537588435136 -180.516070017412517 450.488997910857393 37.457365867615863 -21.504314212003504 11.548413085907589 

