0.677636001490374 0.207772837709368 0.210131690590586 0.210719617477642 0.242580799248013 0.214894735192244 0.066656679657708 0.287152385248077 0.123728619268631 0.066901076964934 0.209583332718443 0.186139851400665 0.162040040294986 0.304207656911082 0.207772837709368 0.530134167550348 0.253195333077008 0.360079238226469 0.127799847642810 0.311316406727941 0.177738078302900 0.261570630696245 0.263452811073107 0.250862115494663 0.157630263232332 0.215670999297127 0.202009771865945 0.155737406965624 0.210131690590586 0.253195333077008 0.629156968445045 0.332462771080237 0.140418093447477 0.173167519181919 0.176240992468239 0.320938080007734 0.105189353959111 0.117878168838677 0.298677178001086 0.053464483463183 0.201032043668610 0.210142781033801 0.210719617477642 0.360079238226469 0.332462771080237 0.605271012918694 0.210585521275049 0.086683877423723 0.208026054005927 0.198494378089629 0.114592364305686 0.156016055902644 0.111080705980751 0.200212777216113 0.299511381592563 0.186860673653256 0.242580799248013 0.127799847642810 0.140418093447477 0.210585521275049 0.695854464987662 0.139951083708331 0.267849193275247 0.140576422840511 0.257716374387353 0.169124412090732 0.098904269647141 0.293244452538177 0.213872607245332 0.170049806668997 0.214894735192244 0.311316406727941 0.173167519181919 0.086683877423723 0.139951083708331 0.646894664829702 0.251928743440990 0.170951156053977 0.230628824112051 0.140979961130258 0.195976967176648 0.207589645727932 0.281513026185617 0.234168401153158 0.066656679657709 0.177738078302900 0.176240992468239 0.208026054005927 0.267849193275247 0.251928743440990 0.559024825999517 0.167101807513655 0.154300397240724 0.244899328898733 0.285289966699005 0.285741182353837 0.353873914216156 0.204787339208779 0.287152385248077 0.261570630696245 0.320938080007734 0.198494378089629 0.140576422840511 0.170951156053977 0.167101807513655 0.617858855604909 0.123059728197045 0.260204882148930 0.208426054143661 0.235336682140533 0.135861124805328 0.218931813344834 0.123728619268631 0.263452811073107 0.105189353959111 0.114592364305686 0.257716374387353 0.230628824112051 0.154300397240724 0.123059728197045 0.654199993908710 0.207654539309913 0.326216521671572 0.280585189116712 0.217675801488242 0.170005529009887 0.066901076964935 0.250862115494663 0.117878168838678 0.156016055902644 0.169124412090732 0.140979961130257 0.244899328898733 0.260204882148930 0.207654539309913 0.687315293981800 0.216759599003877 0.216724928255816 0.219429510119656 0.246107791610347 0.209583332718444 0.157630263232332 0.298677178001086 0.111080705980751 0.098904269647141 0.195976967176648 0.285289966699006 0.208426054143661 0.326216521671572 0.216759599003877 0.562118302901719 0.298902816458433 0.264607454909846 0.167095204560976 0.186139851400665 0.215670999297127 0.053464483463183 0.200212777216113 0.293244452538176 0.207589645727932 0.285741182353837 0.235336682140533 0.280585189116712 0.216724928255816 0.298902816458433 0.532834148544866 0.239150380378716 0.231584650962983 0.162040040294986 0.202009771865946 0.201032043668610 0.299511381592563 0.213872607245332 0.281513026185618 0.353873914216156 0.135861124805328 0.217675801488242 0.219429510119656 0.264607454909846 0.239150380378717 0.507141056198263 0.232817382754665 0.304207656911082 0.155737406965624 0.210142781033801 0.186860673653256 0.170049806668997 0.234168401153157 0.204787339208778 0.218931813344834 0.170005529009886 0.246107791610347 0.167095204560976 0.231584650962983 0.232817382754665 0.636615091779294 


6.589298276562989 -2.986191873869831 6.809848593251004 -3.163091610262845 -5.099419985534547 -1.489482775936490 4.088541139383146 -3.519848097995042 3.844813761516282 2.618117481461282 -9.353679619469059 5.764003287872471 0.430188826191074 -3.770252561164616 
-2.986191873869837 10.260610909066266 -3.852650092037385 -3.845858350210337 3.954630059445118 -3.198235809367863 -2.365843294987819 0.763479174289458 -4.397317307156928 -3.019391516285597 5.812682053968425 -3.505586480143146 2.625603111097496 3.066909791479675 
6.809848593250996 -3.852650092037374 15.388590839985486 -7.454322892606953 -7.623611759217573 -2.770752245066793 4.809649019117304 -6.245354582363773 5.693637380289982 3.859267207131073 -16.522870464375337 11.998855845278188 2.026658637747515 -5.328754078114726 
-3.163091610262833 -3.845858350210349 -7.454322892606940 10.040824019496581 2.521259544489516 4.503975124961539 -1.887294812006358 3.011774178236079 -1.126425218593001 -0.616683532692165 7.896289672854628 -5.955357705052890 -4.775451364294415 1.586397781194007 
-5.099419985534546 3.954630059445112 -7.623611759217579 2.521259544489530 7.255648736192699 1.079188461022086 -4.348003091081364 3.152901710952895 -4.746465915175103 -2.594942068654170 10.414434539678942 -7.096521185728486 -0.414525691755499 3.495434723353946 
-1.489482775936483 -3.198235809367869 -2.770752245066781 4.503975124961535 1.079188461022077 4.781432781905434 -1.298640981036142 1.196460225197812 -0.573405829846471 0.288341897050891 3.093911709146965 -2.217761474260306 -2.837679345503035 0.120107580190673 
4.088541139383150 -2.365843294987813 4.809649019117316 -1.887294812006372 -4.348003091081369 -1.298640981036151 6.984081466413301 -2.142372153398203 3.739443963714136 1.302560105538923 -7.569844013299351 3.378940809170017 -1.592348253610422 -2.441512202698242 
-3.519848097995036 0.763479174289453 -6.245354582363768 3.011774178236081 3.152901710952889 1.196460225197814 -2.142372153398197 5.296463849734093 -1.894664351053966 -2.150575580841638 6.322165257221277 -5.370476005915405 -0.348797493433385 2.017291972241765 
3.844813761516287 -4.397317307156921 5.693637380289994 -1.126425218593018 -4.746465915175107 -0.573405829846481 3.739443963714135 -1.894664351053973 6.212809041327944 1.879804252393823 -8.668369296958206 4.247747368082345 -0.499517178146557 -2.856022110693555 
2.618117481461281 -3.019391516285594 3.859267207131076 -0.616683532692172 -2.594942068654169 0.288341897050887 1.302560105538921 -2.150575580841640 1.879804252393822 3.651361603022094 -4.835454506394946 3.189429938263575 -0.501083444394757 -2.319044100488604 
-9.353679619469055 5.812682053968412 -16.522870464375348 7.896289672854653 10.414434539678938 3.093911709146983 -7.569844013299339 6.322165257221289 -8.668369296958193 -4.835454506394943 23.147105921986412 -14.301013920248202 -2.597311611721923 6.785919855288334 
5.764003287872462 -3.505586480143134 11.998855845278181 -5.955357705052897 -7.096521185728474 -2.217761474260313 3.378940809170004 -5.370476005915407 4.247747368082328 3.189429938263570 -14.301013920248181 13.428012178927839 1.737302704676759 -4.771968769415135 
0.430188826191059 2.625603111097504 2.026658637747491 -4.775451364294406 -0.414525691755483 -2.837679345503032 -1.592348253610437 -0.348797493433377 -0.499517178146574 -0.501083444394765 -2.597311611721888 1.737302704676740 6.954381011803476 -0.494911906818925 
-3.770252561164616 3.066909791479670 -5.328754078114732 1.586397781194017 3.495434723353947 0.120107580190680 -2.441512202698239 2.017291972241769 -2.856022110693551 -2.319044100488603 6.785919855288339 -4.771968769415144 -0.494911906818937 4.824276904209224 

