0.021675105894160 0.000000000000000 0.000000000000000 0.000000000000000 0.000000000000000 0.000000000000000 0.000000000000000 0.000000000000000 0.000000000000000 0.000000000000000 0.885141559791745 0.081791644064114 0.000000000000000 0.000000000000000 0.000000000000000 0.000000000000000 0.000000000000000 0.000000000000000 0.000000000000000 0.000000000000000 0.528966770336509 0.052323006186775 0.674952046390886 0.000000000000000 0.000000000000000 0.000000000000000 0.000000000000000 0.000000000000000 0.000000000000000 0.000000000000000 0.526011495442076 0.846561720205287 0.832201118814493 0.497266001544239 0.000000000000000 0.000000000000000 0.000000000000000 0.000000000000000 0.000000000000000 0.000000000000000 0.725001202677156 0.285278966549749 0.076077125652334 0.753924040656949 0.266114978928856 0.000000000000000 0.000000000000000 0.000000000000000 0.000000000000000 0.000000000000000 0.010626463132246 0.473429910959452 0.480003799065741 0.247497582861530 0.366291964743692 0.759886854337939 0.000000000000000 0.000000000000000 0.000000000000000 0.000000000000000 0.037896548170501 0.048941859918044 0.136506895508614 0.881844500283379 0.033619049480583 0.635801926465687 0.651753523803176 0.000000000000000 0.000000000000000 0.000000000000000 0.650798367760098 0.268261343884078 0.576072221619855 0.220007458675418 0.589300574241262 0.806863562355825 0.798543009133083 0.086322648321857 0.000000000000000 0.000000000000000 0.509992864565925 0.716214651059646 0.547022309669673 0.882863727682189 0.318934493369978 0.071810694716122 0.452086229708129 0.859214728238166 0.170958754575880 0.000000000000000 0.335036220843115 0.050165473972941 0.398708753140326 0.172752079263034 0.761479874001565 0.206929125430156 0.669429305170211 0.781379995325580 0.882628992933481 0.178629384181127 


46.135876100585726 -0.000000000000022 -0.000000000000003 0.000000000000003 -0.000000000000001 -0.000000000000000 -0.000000000000001 0.000000000000001 -0.000000000000000 0.000000000000000 
-499.278157338662368 12.226187790236080 0.000000000000022 -0.000000000000016 0.000000000000006 0.000000000000000 0.000000000000004 -0.000000000000004 0.000000000000000 -0.000000000000000 
2.547423549531583 -0.947787184007907 1.481586736935186 0.000000000000000 -0.000000000000000 -0.000000000000000 -0.000000000000000 0.000000000000000 -0.000000000000000 0.000000000000000 
796.921174175777537 -19.228085134782837 -2.479514256492956 2.010996120576414 -0.000000000000008 -0.000000000000000 -0.000000000000005 0.000000000000004 -0.000000000000001 -0.000000000000000 
-1848.925766128085797 41.638942650128769 6.601096089523873 -5.697305454480726 3.757774192287532 -0.000000000000001 -0.000000000000006 0.000000000000006 -0.000000000000001 0.000000000000000 
940.496289053548708 -20.827320510651152 -3.310258519351324 2.091312042849766 -1.811378212556914 1.315985392155865 -0.000000000000007 0.000000000000006 -0.000000000000001 0.000000000000000 
-1866.090884788192852 43.466396481027523 5.933294153370525 -4.467191958912001 1.573209692233190 -1.283776791341260 1.534322352665946 -0.000000000000013 0.000000000000001 -0.000000000000000 
20249.499619581802108 -474.340537320019280 -72.577507256596988 55.545476739023364 -23.275456125587368 -0.424797897459330 -14.193521773216906 11.584445327389421 -0.000000000000019 0.000000000000004 
-95951.744516855236725 2251.203874429173084 346.213972279163045 -267.985589378463430 106.569452006617183 4.977040200543194 67.277262133062720 -58.221797815828893 5.849364090659472 -0.000000000000019 
398594.338308888138272 -9347.546465250950860 -1440.657665864325736 1117.836368019542078 -444.574714556578044 -19.447356422601821 -276.088106777900293 237.006879530349408 -28.902402369618081 5.598183101756794 

