0.156509840573403 0.476014525050880 0.044794881376035 0.284141473675928 0.239304266119762 0.322159288571977 0.092956186114676 0.306220738029916 0.901002748748605 0.707077886107686 0.946764039073764 0.000000000000000 0.653543910026495 0.007719651171720 0.589575266616613 0.287325787703977 0.874841662116206 0.090043753720660 0.195720948628506 0.686131730329216 0.617738415449865 0.873990828966893 0.000000000000000 0.000000000000000 0.086347898356195 0.356941544030454 0.446222695156545 0.789447649254991 0.509300313862410 0.135577023196659 0.651510024109884 0.555834180085067 0.306673725627292 0.000000000000000 0.000000000000000 0.000000000000000 0.514431250261324 0.558418660668029 0.288020300582202 0.065745097724193 0.368614964678448 0.559914758287147 0.395885455868448 0.372069044277688 0.000000000000000 0.000000000000000 0.000000000000000 0.000000000000000 0.683170171188340 0.892347803042385 0.306628285409405 0.350080104235863 0.674566692475934 0.765669205137047 0.710417210159029 0.000000000000000 0.000000000000000 0.000000000000000 0.000000000000000 0.000000000000000 0.055475197171349 0.499638453584626 0.502973653298332 0.753978825307286 0.272533858592888 0.546581089440055 0.000000000000000 0.000000000000000 0.000000000000000 0.000000000000000 0.000000000000000 0.000000000000000 0.649782438499442 0.907366450606805 0.451610227947908 0.692734977623120 0.001779089055850 0.000000000000000 0.000000000000000 0.000000000000000 0.000000000000000 0.000000000000000 0.000000000000000 0.000000000000000 0.770072123230099 0.553423155126097 0.670734136629715 0.560249269102633 0.000000000000000 0.000000000000000 0.000000000000000 0.000000000000000 0.000000000000000 0.000000000000000 0.000000000000000 0.000000000000000 0.217381249387115 0.554348077279898 0.552772216149347 0.000000000000000 0.000000000000000 0.000000000000000 0.000000000000000 0.000000000000000 0.000000000000000 0.000000000000000 0.000000000000000 0.000000000000000 0.737950474214059 0.045710221042217 0.000000000000000 0.000000000000000 0.000000000000000 0.000000000000000 0.000000000000000 0.000000000000000 0.000000000000000 0.000000000000000 0.000000000000000 0.000000000000000 0.960660775601356 


6.389374599937700 -4.653757871354349 -2.898575351936206 3.815623921934516 -1.506455479585634 81.955246921304152 -60.690427957980702 15.992360989476882 -207.148351091184082 167.251757298900174 53.891427076128117 
0.000000000000000 1.530119070284750 -0.136795286262437 -1.658710347962402 0.801635270701359 -26.466141411491328 20.035386367317383 -6.256305865279773 63.466143391594535 -52.142545131848216 -16.666897047930600 
0.000000000000000 0.000000000000000 11.581057779482812 -8.035593955877692 -0.996099111627570 -107.063302202460591 74.530237490852841 -15.629169171434748 245.377176037934646 -203.924208757114570 -61.445225641183626 
0.000000000000000 0.000000000000000 0.000000000000000 1.943894348354643 -1.588926045468535 15.466256545378354 -11.339377492295808 3.051083045319146 -37.930454736808436 31.258664353003997 10.202188094311722 
0.000000000000000 0.000000000000000 0.000000000000000 0.000000000000000 1.463764142776535 -23.545418197332214 17.414082279456306 -5.805513000864726 55.726369711853238 -45.755143042058279 -14.220795961487898 
0.000000000000000 0.000000000000000 0.000000000000000 0.000000000000000 0.000000000000000 18.026073830999806 -13.860823437952563 4.558282075262631 -45.331633779223516 36.264317628347747 11.469805300999086 
0.000000000000000 0.000000000000000 0.000000000000000 0.000000000000000 0.000000000000000 0.000000000000000 1.538976649337159 -1.813357135976418 1.419332316005717 -0.862695511941542 0.279037692720509 
0.000000000000000 0.000000000000000 0.000000000000000 0.000000000000000 0.000000000000000 0.000000000000000 0.000000000000000 1.298579665246755 -3.306007567578398 1.303173128210140 1.082975922497482 
0.000000000000000 0.000000000000000 0.000000000000000 0.000000000000000 0.000000000000000 0.000000000000000 0.000000000000000 0.000000000000000 4.600212772809982 -3.455677846676094 -2.482572487119129 
0.000000000000000 0.000000000000000 0.000000000000000 0.000000000000000 0.000000000000000 0.000000000000000 0.000000000000000 0.000000000000000 0.000000000000000 1.355104488637984 -0.064478666438908 
0.000000000000000 0.000000000000000 0.000000000000000 0.000000000000000 0.000000000000000 0.000000000000000 0.000000000000000 0.000000000000000 0.000000000000000 0.000000000000000 1.040950172420663 

