0.791324519458309 0.000000000000000 0.000000000000000 0.000000000000000 0.000000000000000 0.000000000000000 0.000000000000000 0.000000000000000 0.000000000000000 0.000000000000000 0.000000000000000 0.000000000000000 0.000000000000000 0.354536173063790 0.063300974963422 0.000000000000000 0.000000000000000 0.000000000000000 0.000000000000000 0.000000000000000 0.000000000000000 0.000000000000000 0.000000000000000 0.000000000000000 0.000000000000000 0.000000000000000 0.870533824923326 0.371917673827329 0.070975041238155 0.000000000000000 0.000000000000000 0.000000000000000 0.000000000000000 0.000000000000000 0.000000000000000 0.000000000000000 0.000000000000000 0.000000000000000 0.000000000000000 0.822011005283788 0.643661686606010 0.660313535434039 0.557290927366630 0.000000000000000 0.000000000000000 0.000000000000000 0.000000000000000 0.000000000000000 0.000000000000000 0.000000000000000 0.000000000000000 0.000000000000000 0.873129882572170 0.130301793943093 0.497665117408322 0.919390557699614 0.988749952157117 0.000000000000000 0.000000000000000 0.000000000000000 0.000000000000000 0.000000000000000 0.000000000000000 0.000000000000000 0.000000000000000 0.498751990882134 0.544278506569878 0.478701533816044 0.288647432847364 0.159764679134712 0.582568291705309 0.000000000000000 0.000000000000000 0.000000000000000 0.000000000000000 0.000000000000000 0.000000000000000 0.000000000000000 0.434941635834664 0.400141437927367 0.844620810569039 0.823929084476168 0.137060820363868 0.595254634032058 0.801717853335797 0.000000000000000 0.000000000000000 0.000000000000000 0.000000000000000 0.000000000000000 0.000000000000000 0.572955329031202 0.767197787960329 0.093569680466421 0.241149923522251 0.962456719828871 0.290351011807136 0.916984276745467 0.233880014859364 0.000000000000000 0.000000000000000 0.000000000000000 0.000000000000000 0.000000000000000 0.317382244667387 0.075197615404549 0.151994242570306 0.415834194339989 0.867302954714949 0.192036384121309 0.971240535589012 0.171342168630972 0.845899770096088 0.000000000000000 0.000000000000000 0.000000000000000 0.000000000000000 0.595700191959567 0.007869095400909 0.508044150348215 0.545382433803339 0.532627834053490 0.923390573555794 0.080118782282615 0.967767169913376 0.984221262752643 0.173571633405294 0.000000000000000 0.000000000000000 0.000000000000000 0.065939390747575 0.793038865438942 0.728092716998567 0.354175167280373 0.738810364615928 0.054169651362649 0.401903740552780 0.693828337973387 0.023307470045453 0.938818673529296 0.569782176750207 0.000000000000000 0.000000000000000 0.543495011944878 0.924988210756171 0.017780826428983 0.084008216787076 0.868389807582708 0.035120651036636 0.934557171511572 0.047081167043992 0.453061540529935 0.248795820354960 0.188864821289308 0.650438801541040 0.000000000000000 0.638365679087778 0.433339737268980 0.242901634696707 0.778424222628697 0.804536004004954 0.210355504790388 0.869600176101226 0.451710499888137 0.347604719932376 0.795939497478310 0.471735705884969 0.331561413102441 0.713749855918591 


1.263704049868862 0.000000000000009 0.000000000000001 -0.000000000000001 0.000000000000000 -0.000000000000001 0.000000000000001 -0.000000000000000 -0.000000000000000 0.000000000000000 0.000000000000000 -0.000000000000000 0.000000000000000 
-7.077755089627207 15.797544991650822 -0.000000000000112 0.000000000000030 -0.000000000000013 0.000000000000013 -0.000000000000015 0.000000000000009 0.000000000000003 -0.000000000000003 0.000000000000000 -0.000000000000000 -0.000000000000000 
21.588505790491226 -82.781018270389978 14.089459936269298 -0.000000000000146 0.000000000000054 -0.000000000000064 0.000000000000069 -0.000000000000045 -0.000000000000016 0.000000000000013 0.000000000000003 -0.000000000000004 0.000000000000000 
-19.268717493821995 79.838285897878364 -16.694083190688026 1.794394903798979 -0.000000000000064 0.000000000000071 -0.000000000000074 0.000000000000049 0.000000000000018 -0.000000000000016 0.000000000000000 0.000000000000001 0.000000000000000 
6.867759695656122 -34.653644633078727 8.431403413349926 -1.668520668686574 1.011378051466264 -0.000000000000030 0.000000000000032 -0.000000000000021 -0.000000000000008 0.000000000000007 -0.000000000000001 -0.000000000000000 -0.000000000000000 
-4.545072909753131 23.208349239334343 -5.618195039087627 -0.431497588888206 -0.277362314731232 1.716536952385077 -0.000000000000021 0.000000000000014 0.000000000000005 -0.000000000000004 0.000000000000001 -0.000000000000000 0.000000000000000 
2.106222310935894 -14.031105640887413 5.043084863407325 -1.238483582647846 0.033030195856895 -1.274483998507782 1.247321605523939 -0.000000000000010 -0.000000000000004 0.000000000000004 -0.000000000000001 0.000000000000001 -0.000000000000000 
0.474536256026313 67.784004735340901 -35.918465154875953 10.407543676684305 -3.947166430682172 2.865929126390066 -4.890431963578149 4.275696666948336 0.000000000000022 -0.000000000000016 0.000000000000005 -0.000000000000007 0.000000000000000 
-2.775919136451776 6.864279280250424 -0.209162037950233 0.240477353427228 -0.212403090346992 0.493129889440636 -0.441555961147364 -0.866068493244678 1.182173154966584 -0.000000000000001 0.000000000000000 -0.000000000000000 0.000000000000000 
8.566263324166869 -436.788671434248840 214.355921917666649 -57.042882683836737 21.569014227691046 -27.319124008162788 29.195175957815373 -18.928645034165374 -6.703399239532776 5.761310073432296 -0.000000000000036 0.000000000000040 0.000000000000000 
-30.441995183357474 723.656888881449163 -331.026024766452792 83.267935095222356 -32.031984317316919 42.238918609155583 -43.010941288617481 26.017226197893983 10.996698690251259 -9.492795144594185 1.755056652883717 -0.000000000000023 0.000000000000006 
6.419869883275454 -18.080831365922823 0.443695506327368 0.518830341972971 0.101632044389435 -0.627452043845269 0.190981693268649 -0.020437695362547 -1.452417980699113 0.552650290279804 -0.509607453174938 1.537423655585689 0.000000000000000 
16.503271160179686 -48.215626504225007 1.791245163332257 3.192646844308970 -1.426209001198318 1.832612057511622 -2.428363048326192 1.638179551988685 0.306271995573444 -0.407427525334142 -0.923232020643854 -0.714186287473313 1.401051070914763 

