0.389483543761285 0.066208087937409 0.503548430941644 0.905102206864533 0.474621964539823 0.758988652577205 0.472689916090375 0.698805371843841 0.473736703685957 0.683451324032396 0.727776881193547 0.996926251520824 0.000000000000000 0.624402977908978 0.251088739103522 0.416180037534464 0.204636227479608 0.944249702343253 0.685260767197620 0.545823522591420 0.850690617853400 0.096421646296947 0.829593676012973 0.012238353355598 0.000000000000000 0.000000000000000 0.286038896752527 0.653513516948191 0.747639640547115 0.580880380947086 0.194897637717117 0.524843992388642 0.908911639852128 0.677684275106913 0.470286951000137 0.352933816737824 0.000000000000000 0.000000000000000 0.000000000000000 0.299847095563570 0.769247588363590 0.630976517724273 0.558290363372756 0.563846708283843 0.734803225895439 0.739699169822622 0.757470658793513 0.018084956117040 0.000000000000000 0.000000000000000 0.000000000000000 0.000000000000000 0.111849249782969 0.023187295519235 0.788995996548254 0.991847120838063 0.006921604054268 0.198247136026022 0.436470133110308 0.076971809720961 0.000000000000000 0.000000000000000 0.000000000000000 0.000000000000000 0.000000000000000 0.086514809884310 0.444418007532270 0.493263033074241 0.793618182942957 0.230227891734075 0.534244675326482 0.183252180870014 0.000000000000000 0.000000000000000 0.000000000000000 0.000000000000000 0.000000000000000 0.000000000000000 0.244628269123631 0.486894559799623 0.352836598652294 0.831905214661632 0.399709030424453 0.037360421614490 0.000000000000000 0.000000000000000 0.000000000000000 0.000000000000000 0.000000000000000 0.000000000000000 0.000000000000000 0.596241077889177 0.463413645478310 0.061927519813816 0.330387791631194 0.062984125097519 0.000000000000000 0.000000000000000 0.000000000000000 0.000000000000000 0.000000000000000 0.000000000000000 0.000000000000000 0.000000000000000 0.428754049406913 0.589550663305419 0.878839816200462 0.680227248039752 0.000000000000000 0.000000000000000 0.000000000000000 0.000000000000000 0.000000000000000 0.000000000000000 0.000000000000000 0.000000000000000 0.000000000000000 0.220066496148259 0.308754066173936 0.598080271615151 0.000000000000000 0.000000000000000 0.000000000000000 0.000000000000000 0.000000000000000 0.000000000000000 0.000000000000000 0.000000000000000 0.000000000000000 0.000000000000000 0.108008196391508 0.825709537316852 0.000000000000000 0.000000000000000 0.000000000000000 0.000000000000000 0.000000000000000 0.000000000000000 0.000000000000000 0.000000000000000 0.000000000000000 0.000000000000000 0.000000000000000 0.874878795821631 


2.567502571078847 -0.272243153892023 -4.280902754021199 1.957923708354160 4.752487872174322 -6.363634183301664 -9.023517254211493 3.884259263243955 18.352613898414713 -15.024527711438099 -82.898991159416127 74.026732591095609 
0.000000000000000 1.601529837908259 -1.405844142885791 0.841140053636488 0.682068300314644 -14.357908597773136 18.598397234183143 -5.468120777056625 15.531263601047176 -95.168800999830850 149.759379290934646 -85.285433528881299 
0.000000000000000 0.000000000000000 3.496028027492966 -7.619555451428408 29.035112205919969 24.316538967118522 -123.218540595766143 36.332597046484516 22.300117883863884 359.080610708953998 -1062.461966003127145 733.684383595723943 
0.000000000000000 0.000000000000000 0.000000000000000 3.335033137874738 -22.936820795855191 -18.175902552046217 99.386883631441393 -31.121740200886570 -19.853334708989742 -285.294633747438809 863.690137687250854 -600.929325350790236 
0.000000000000000 0.000000000000000 0.000000000000000 0.000000000000000 8.940605341031718 -2.396219311359228 -24.482774743423064 7.102466984906115 16.762147772724362 40.099705076028485 -206.418703671823266 154.621717606387961 
0.000000000000000 0.000000000000000 0.000000000000000 0.000000000000000 0.000000000000000 11.558714644778490 -20.998803410861779 7.585382266748033 -12.312955173651385 98.139621035425023 -183.021108981926147 113.148378854204992 
0.000000000000000 0.000000000000000 0.000000000000000 0.000000000000000 0.000000000000000 0.000000000000000 4.087834997902941 -3.338154138731432 0.243982260297866 -15.167268106130077 36.455336888712395 -24.161874227753856 
0.000000000000000 0.000000000000000 0.000000000000000 0.000000000000000 0.000000000000000 0.000000000000000 0.000000000000000 1.677173943701123 -1.812753237962166 4.384341406380450 -2.913494718006342 1.041242619781178 
0.000000000000000 0.000000000000000 0.000000000000000 0.000000000000000 0.000000000000000 0.000000000000000 0.000000000000000 0.000000000000000 2.332339487832898 -6.248258213639886 -1.116375246199492 3.511618753267922 
0.000000000000000 0.000000000000000 0.000000000000000 0.000000000000000 0.000000000000000 0.000000000000000 0.000000000000000 0.000000000000000 0.000000000000000 4.544081073232979 -12.989787398162791 9.153343455238458 
0.000000000000000 0.000000000000000 0.000000000000000 0.000000000000000 0.000000000000000 0.000000000000000 0.000000000000000 0.000000000000000 0.000000000000000 0.000000000000000 9.258556604122880 -8.738214397609903 
0.000000000000000 0.000000000000000 0.000000000000000 0.000000000000000 0.000000000000000 0.000000000000000 0.000000000000000 0.000000000000000 0.000000000000000 0.000000000000000 0.000000000000000 1.143015472287065 

