0.000000000000000 0.582300157496231 0.000000000000000 0.945998970076329 0.591224584261627 0.000000000000000 0.000000000000000 0.153139569963910 0.000000000000000 0.000000000000000 0.000000000000000 0.138869964521014 0.200215048898340 0.383373008152933 0.000000000000000 0.000000000000000 0.000000000000000 0.639928435044465 0.000000000000000 0.000000000000000 0.924249879945742 0.337311625523924 0.000000000000000 0.054578256183388 0.074194139014340 0.000000000000000 0.000000000000000 0.995620994812747 0.000000000000000 0.000000000000000 0.798685787103049 0.000000000000000 0.000000000000000 0.434410594098007 0.289036425995929 0.000000000000000 0.000000000000000 0.017022428686174 0.966983660354753 0.648470937262815 0.305942300031571 0.000000000000000 0.000000000000000 0.000000000000000 0.000000000000000 0.000000000000000 0.408770089392302 0.000000000000000 0.297790887784143 


0.000000000000000 -1.630382222220352 -2.652261682856706 3.704811627665038 -0.284518972987818 1.470947666884200 -1.779620646742984 
1.717327373394147 2.491872231440996 0.304578340245669 -1.131310672542527 0.115561289842590 -1.794820033663088 -0.483116907093633 
0.000000000000000 -3.068064312697157 -0.730485374272972 1.392902034545319 1.148847437213200 0.376545344171979 0.444952492159313 
0.000000000000000 -1.166214003154176 0.231997527558430 0.529461475428021 -0.054083509072635 0.839988595719101 -0.936360327349623 
0.000000000000000 -0.588237289541117 -0.671192383045292 0.267059889848575 -0.027279673112923 0.423689488768666 1.974063642567209 
0.000000000000000 5.103545922924097 0.730025140335765 -2.317011240610892 0.164840792473573 -0.305336277767290 -1.249424926816473 
0.000000000000000 0.807458586858787 0.921328964960578 -0.366586418606705 0.037446123687456 -0.581587944101521 0.648313418178365 

