0.670888412820024 0.014526376617442 0.633608336182581 0.820691173946692 0.698983447509729 0.739961164692018 0.987520936572670 0.220935421544030 0.088846308787099 0.737886651362113 0.625922504599874 0.301612194584610 0.162745731945585 0.796257286459436 0.000000000000000 0.330424687537649 0.345353251975103 0.848862617326149 0.588744990476663 0.287490408914371 0.447632031338541 0.569176030337510 0.373313514898031 0.819722500945827 0.377102818370715 0.375327014423858 0.394243405646204 0.561391920899582 0.000000000000000 0.000000000000000 0.840107957983646 0.136758117829194 0.480468760494066 0.842552686307265 0.668436969951495 0.573351693719764 0.764711062094102 0.218177421209311 0.484960554755595 0.425765094712255 0.438006765603610 0.247647725203452 0.000000000000000 0.000000000000000 0.000000000000000 0.731704054181921 0.009240912652913 0.996541645933927 0.353569320728015 0.747879038676588 0.496733059136023 0.808554541381607 0.483111600382984 0.534815154136062 0.108944700256402 0.126149781908501 0.000000000000000 0.000000000000000 0.000000000000000 0.000000000000000 0.861457617126802 0.919295839298335 0.398685235293649 0.562873363180155 0.344648858928021 0.910862864731263 0.663029723365817 0.850148308018547 0.760350472795421 0.131068056769764 0.000000000000000 0.000000000000000 0.000000000000000 0.000000000000000 0.000000000000000 0.953602382260970 0.873922738589690 0.214758312355707 0.600253355012662 0.767036963006290 0.837566396166335 0.326139987496470 0.376060958148044 0.972857997705366 0.000000000000000 0.000000000000000 0.000000000000000 0.000000000000000 0.000000000000000 0.000000000000000 0.069079224093374 0.826166470466929 0.644681683612510 0.782009308100602 0.985704701341731 0.700031326383366 0.828421528369579 0.310454386481086 0.000000000000000 0.000000000000000 0.000000000000000 0.000000000000000 0.000000000000000 0.000000000000000 0.000000000000000 0.976396735444045 0.066377686160877 0.732247403374211 0.909579806025255 0.808919297129799 0.759751606885200 0.920513236340715 0.000000000000000 0.000000000000000 0.000000000000000 0.000000000000000 0.000000000000000 0.000000000000000 0.000000000000000 0.000000000000000 0.573599558854617 0.504344627404736 0.097520062646054 0.349762205273147 0.937035837251138 0.157746168653295 0.000000000000000 0.000000000000000 0.000000000000000 0.000000000000000 0.000000000000000 0.000000000000000 0.000000000000000 0.000000000000000 0.000000000000000 0.757398664511192 0.837550140711542 0.383597148907127 0.591744975275352 0.197897586387668 0.000000000000000 0.000000000000000 0.000000000000000 0.000000000000000 0.000000000000000 0.000000000000000 0.000000000000000 0.000000000000000 0.000000000000000 0.000000000000000 0.916027600189604 0.611194200079777 0.265290065047703 0.571371143925712 0.000000000000000 0.000000000000000 0.000000000000000 0.000000000000000 0.000000000000000 0.000000000000000 0.000000000000000 0.000000000000000 0.000000000000000 0.000000000000000 0.000000000000000 0.218880065196632 0.444675173073310 0.603702304774779 0.000000000000000 0.000000000000000 0.000000000000000 0.000000000000000 0.000000000000000 0.000000000000000 0.000000000000000 0.000000000000000 0.000000000000000 0.000000000000000 0.000000000000000 0.000000000000000 0.903300314424348 0.810646243226748 0.000000000000000 0.000000000000000 0.000000000000000 0.000000000000000 0.000000000000000 0.000000000000000 0.000000000000000 0.000000000000000 0.000000000000000 0.000000000000000 0.000000000000000 0.000000000000000 0.000000000000000 0.212417929830698 


1.490560845724825 -0.065529147890150 -1.097241210912957 -1.390737467836431 -0.537757846553780 1.804370228107685 -22.871601165090514 20.676149127634392 24.227103028178604 -13.268474209146165 12.695497648593527 -51.184262451433781 8.775105563334513 4.787124723675348 
0.000000000000000 3.026408248887454 -1.244101928359434 -3.278461798083087 -1.339281912624592 4.904012584357759 -45.103665567440387 39.334878142453867 44.342050488798137 -23.759313854434637 24.106855796540547 -94.515390340081140 16.058760775050050 0.922730860323311 
0.000000000000000 0.000000000000000 1.190323208460152 -0.222475686265563 -0.661503510843195 -0.181507836296345 -4.265246998383841 3.501689458234715 3.581745071918164 -0.492646448282863 1.313687746954112 -6.760409749102401 0.597901182865373 2.240174396477454 
0.000000000000000 0.000000000000000 0.000000000000000 1.366672761049611 -0.014660388809488 -1.414078984489527 10.979091173089476 -10.017163516094483 -10.875385013949849 5.581218542812476 -5.230043764209779 22.932808218790424 -3.335467204808419 -2.465563098252350 
0.000000000000000 0.000000000000000 0.000000000000000 0.000000000000000 1.160823214188151 -1.119061750279947 7.457675443434885 -6.733277380035842 -7.129090584072079 3.294147301102123 -3.409033269615108 13.329732692506573 -2.010823952699614 3.873151990182779 
0.000000000000000 0.000000000000000 0.000000000000000 0.000000000000000 0.000000000000000 1.048655098395436 -13.266558034685371 10.994688570628973 12.540885239638904 -6.344803374715896 6.865673807447512 -27.857982825801642 5.327482517066067 3.914141366135559 
0.000000000000000 0.000000000000000 0.000000000000000 0.000000000000000 0.000000000000000 0.000000000000000 14.476132485916571 -12.248807116773417 -14.852609031966603 6.785753217477569 -8.037864191702926 33.256257890313528 -6.022541973858984 -13.280689716358307 
0.000000000000000 0.000000000000000 0.000000000000000 0.000000000000000 0.000000000000000 0.000000000000000 0.000000000000000 1.024173846244192 -0.118518728075601 -0.911243164403701 -0.171171757286640 -1.520701077771702 0.657356480521711 -1.227613398628965 
0.000000000000000 0.000000000000000 0.000000000000000 0.000000000000000 0.000000000000000 0.000000000000000 0.000000000000000 0.000000000000000 1.743376515136856 -1.160897979032377 0.875842691369170 -3.197002121437063 0.268597692949978 5.491987145930792 
0.000000000000000 0.000000000000000 0.000000000000000 0.000000000000000 0.000000000000000 0.000000000000000 0.000000000000000 0.000000000000000 0.000000000000000 1.320308639104054 -1.207195816190881 1.057037566992811 -1.030739494473369 2.946549971021212 
0.000000000000000 0.000000000000000 0.000000000000000 0.000000000000000 0.000000000000000 0.000000000000000 0.000000000000000 0.000000000000000 0.000000000000000 0.000000000000000 1.091670163424131 -3.048347375470533 1.180023001308030 1.223834040451220 
0.000000000000000 0.000000000000000 0.000000000000000 0.000000000000000 0.000000000000000 0.000000000000000 0.000000000000000 0.000000000000000 0.000000000000000 0.000000000000000 0.000000000000000 4.568712089434215 -2.249077971799413 -4.401395919947850 
0.000000000000000 0.000000000000000 0.000000000000000 0.000000000000000 0.000000000000000 0.000000000000000 0.000000000000000 0.000000000000000 0.000000000000000 0.000000000000000 0.000000000000000 0.000000000000000 1.107051535388069 -4.224818351897191 
0.000000000000000 0.000000000000000 0.000000000000000 0.000000000000000 0.000000000000000 0.000000000000000 0.000000000000000 0.000000000000000 0.000000000000000 0.000000000000000 0.000000000000000 0.000000000000000 0.000000000000000 4.707700526019740 

