0.653490085592014 0.211704253012585 0.291821209445238 0.167813320607233 0.350902449418452 0.202166594431634 0.305290927151023 0.258724363156755 0.301108587108478 0.211704253012585 0.616346207068533 0.245028625177573 0.365846815379625 0.222612599780095 0.066408258449332 0.359598025714528 0.365817308161489 0.253606532623593 0.291821209445238 0.245028625177573 0.581648227218332 0.335731809567804 0.408406698608179 0.105250865232742 0.282627527652308 0.090544914582414 0.371241658944334 0.167813320607233 0.365846815379625 0.335731809567804 0.656027262395734 0.242908695714924 0.261945487064776 0.169664385449604 0.167306765016905 0.332429767294244 0.350902449418452 0.222612599780095 0.408406698608179 0.242908695714924 0.640238456130863 0.264848827728424 0.200331406253439 0.207296794702508 0.195845908320689 0.202166594431634 0.066408258449332 0.105250865232742 0.261945487064776 0.264848827728425 0.763376715978229 0.191123240005390 0.286746199891459 0.321535441919895 0.305290927151023 0.359598025714528 0.282627527652309 0.169664385449604 0.200331406253439 0.191123240005390 0.616009956420698 0.317958122926831 0.334059855532526 0.258724363156755 0.365817308161489 0.090544914582414 0.167306765016905 0.207296794702508 0.286746199891459 0.317958122926831 0.660302610160871 0.317422772678516 0.301108587108478 0.253606532623593 0.371241658944334 0.332429767294244 0.195845908320689 0.321535441919895 0.334059855532526 0.317422772678516 0.492537878696877 


3.471372190807672 0.011135845717985 4.121807663400949 0.362290883161161 -3.942142070537564 1.686474064346230 -0.766784288175605 1.464512932772075 -5.436401746486661 
0.011135845717989 5.857068683172188 -0.690045935628033 -3.288763454153504 0.048944408755537 1.431472234233049 -2.389248182262037 -2.886610982955236 2.244063008003256 
4.121807663400953 -0.690045935628048 29.654636579261556 -0.395542837637584 -19.095451059199409 10.187697160222623 -2.148521624074454 11.460671564414881 -29.235803956725185 
0.362290883161160 -3.288763454153504 -0.395542837637589 4.499292661636466 -0.302095613453152 -1.128604826778829 1.716728663777592 1.607245623565589 -2.609971209652698 
-3.942142070537570 0.048944408755548 -19.095451059199412 -0.302095613453156 14.975825524870945 -7.231998759547419 1.329679517799391 -7.426225840162970 19.631998964752480 
1.686474064346234 1.431472234233042 10.187697160222633 -1.128604826778826 -7.231998759547424 5.986044352882539 -1.176517407850587 2.840159534255907 -10.749691841920688 
-0.766784288175606 -2.389248182262035 -2.148521624074456 1.716728663777592 1.329679517799392 -1.176517407850587 4.103703277751317 -0.310223682627162 -0.184325738846294 
1.464512932772074 -2.886610982955243 11.460671564414863 1.607245623565591 -7.426225840162955 2.840159534255895 -0.310223682627160 8.068917181680410 -13.023018329037260 
-5.436401746486668 2.244063008003272 -29.235803956725189 -2.609971209652704 19.631998964752476 -10.749691841920679 -0.184325738846296 -13.023018329037281 35.725084543969913 

