0.640559618233900 0.289085127489221 0.173232002244559 0.183576530236952 0.241768930667708 0.225396854990426 0.286958334121485 0.229287638252330 0.174591783653813 0.263434813349605 0.171166888476470 0.135301622707087 0.225266078721019 0.289085127489220 0.597551609036101 0.242304837856315 0.181142105970144 0.272574268414697 0.242233628929702 0.271480703317327 0.217208809508547 0.205221107379751 0.151081366540528 0.251100095820612 0.157239069289999 0.247519290861851 0.173232002244559 0.242304837856315 0.607599582162242 0.243219822227211 0.396392392098470 0.180178964825083 0.128005742113879 0.232152596647006 0.173511832115509 0.204851953744716 0.284132486496317 0.191032773553607 0.183789960192255 0.183576530236953 0.181142105970144 0.243219822227211 0.628107740077010 0.117079414314802 0.269840808202949 0.380343070887422 0.140999152263498 0.226854980044254 0.220723600760437 0.198488564753377 0.226464010657943 0.194635474716949 0.241768930667708 0.272574268414697 0.396392392098470 0.117079414314802 0.652709912259953 0.049393990871228 0.168539339335206 0.212370648182163 0.236685399364366 0.188376962220986 0.256549494314542 0.186867127175416 0.046871240254385 0.225396854990426 0.242233628929702 0.180178964825083 0.269840808202949 0.049393990871228 0.757535379600860 0.199754845439401 0.212400072769136 0.029102548493238 0.270425229651236 0.136893009580042 0.114261912753942 0.134732901809684 0.286958334121485 0.271480703317327 0.128005742113879 0.380343070887422 0.168539339335206 0.199754845439401 0.651030831057963 0.258903156944062 0.251015768192578 0.049222674712508 0.163078223670439 0.023939483117622 0.176431097882584 0.229287638252330 0.217208809508548 0.232152596647006 0.140999152263498 0.212370648182163 0.212400072769136 0.258903156944062 0.620426384051380 0.163552424416036 0.280860681104160 0.166604115524179 0.191806616369232 0.337813957686764 0.174591783653813 0.205221107379751 0.173511832115509 0.226854980044254 0.236685399364366 0.029102548493238 0.251015768192578 0.163552424416036 0.690698366969927 0.313671741435010 0.145537579949870 0.259098771906963 0.188254253618740 0.263434813349605 0.151081366540528 0.204851953744716 0.220723600760437 0.188376962220986 0.270425229651237 0.049222674712508 0.280860681104160 0.313671741435010 0.551597026765826 0.255187859633910 0.296254045010216 0.267648026499594 0.171166888476470 0.251100095820612 0.284132486496317 0.198488564753377 0.256549494314542 0.136893009580042 0.163078223670439 0.166604115524178 0.145537579949870 0.255187859633910 0.690943563280301 0.177765253623978 0.230883859507378 0.135301622707087 0.157239069290000 0.191032773553608 0.226464010657944 0.186867127175417 0.114261912753942 0.023939483117622 0.191806616369232 0.259098771906963 0.296254045010216 0.177765253623978 0.727737994648189 0.260288657816026 0.225266078721020 0.247519290861852 0.183789960192255 0.194635474716949 0.046871240254385 0.134732901809684 0.176431097882584 0.337813957686764 0.188254253618740 0.267648026499594 0.230883859507379 0.260288657816026 0.650076099067393 


3.089017641275634 -0.673746466519301 -0.113224612898440 0.819907321981376 -0.545769396721274 0.085539558361696 -1.918666306959728 0.750963860014392 0.889322526378551 -2.145086035346508 0.507624222921951 -0.088571755939026 -0.394439425415743 
-0.673746466519302 3.335658308101455 0.010111146778118 0.179622777937956 -0.886554633137146 -0.988175548059781 -0.127032661800002 -0.001613708400383 -0.664605409804989 1.233766697415860 -0.546637993043468 -0.085239168079134 -0.876419354217089 
-0.113224612898440 0.010111146778117 4.122648391111141 -1.810856487045427 -2.280560444566048 -0.691843234431680 1.904222383435575 -0.952070379689583 -0.536460622865803 1.390655129309601 -0.676933831662542 0.401800387281381 -0.639897768676351 
0.819907321981376 0.179622777937958 -1.810856487045425 4.726641605083846 0.913758580891151 -0.118781129455326 -3.900295480913405 1.779305122349410 0.805524967482305 -2.472843665928177 0.338087472429644 -1.082999698432824 -0.064663877520137 
-0.545769396721273 -0.886554633137148 -2.280560444566049 0.913758580891151 4.043805844578936 0.881679469433233 -0.858060384037837 -0.357681837298276 -0.137241590058962 -0.805258373047277 -0.302170160661210 -0.547312667375537 1.540056048143784 
0.085539558361697 -0.988175548059781 -0.691843234431679 -0.118781129455327 0.881679469433231 2.505883510446441 -0.966345305777067 0.029960884078861 1.102628224127329 -1.987204948518591 0.360818958051789 -0.082276032481570 0.645191044054481 
-1.918666306959729 -0.127032661800005 1.904222383435576 -3.900295480913405 -0.858060384037837 -0.966345305777068 6.835201761030000 -2.795549463898431 -2.506080679045691 4.677391746432052 -1.053198438027497 1.275469077386204 -0.134253853396750 
0.750963860014391 -0.001613708400381 -0.952070379689582 1.779305122349411 -0.357681837298276 0.029960884078861 -2.795549463898430 4.018239934246945 1.162472059880089 -2.597620698432698 0.735819470528968 -0.434438919476398 -1.187508898003165 
0.889322526378553 -0.664605409804987 -0.536460622865804 0.805524967482307 -0.137241590058962 1.102628224127329 -2.506080679045691 1.162472059880091 3.454040395991137 -3.231139463180977 0.771133716689303 -0.599399915528713 0.008998084940850 
-2.145086035346507 1.233766697415857 1.390655129309600 -2.472843665928175 -0.805258373047275 -1.987204948518590 4.677391746432046 -2.597620698432696 -3.231139463180972 7.969437589269948 -1.643996944207563 0.122745623335408 -0.639611581766574 
0.507624222921950 -0.546637993043468 -0.676933831662540 0.338087472429643 -0.302170160661212 0.360818958051789 -1.053198438027494 0.735819470528968 0.771133716689302 -1.643996944207562 2.414031218379814 -0.096832460404445 -0.392191910726215 
-0.088571755939027 -0.085239168079134 0.401800387281382 -1.082999698432827 -0.547312667375539 -0.082276032481572 1.275469077386207 -0.434438919476398 -0.599399915528715 0.122745623335413 -0.096832460404446 2.243551471998484 -0.530964794356105 
-0.394439425415744 -0.876419354217090 -0.639897768676351 -0.064663877520137 1.540056048143784 0.645191044054482 -0.134253853396749 -1.187508898003166 0.008998084940850 -0.639611581766574 -0.392191910726216 -0.530964794356104 3.230329149015725 

