0.364248605178663 0.324148697604079 0.000000000000000 0.000000000000000 0.000000000000000 0.000000000000000 0.492231472411833 0.641517583706369 0.186722618737033 0.015223476017337 0.000000000000000 0.000000000000000 0.000000000000000 0.000000000000000 0.000000000000000 0.000000000000000 0.000000000000000 0.000000000000000 0.902553006719321 0.000000000000000 0.204859933873318 0.000000000000000 0.000000000000000 0.000000000000000 0.000000000000000 0.742476502462469 0.188944753067790 0.000000000000000 0.000000000000000 0.000000000000000 0.000000000000000 0.000000000000000 0.268853689341322 0.069306767264080 0.195674883563161 0.000000000000000 0.000000000000000 0.000000000000000 0.000000000000000 0.000000000000000 0.000000000000000 0.000000000000000 0.727448251775189 0.813472603095633 0.000000000000000 0.719373643892986 0.090140311603580 0.000000000000000 0.000000000000000 0.565429491790934 0.000000000000000 0.000000000000000 0.000000000000000 0.936679927951008 0.613113032606776 0.376628592912201 0.000000000000000 0.000000000000000 0.000000000000000 0.054574838826018 0.710954093222448 0.000000000000000 0.741248539518756 0.877537005404980 0.576460463309565 0.000000000000000 0.000000000000000 0.000000000000000 0.000000000000000 0.074926985760455 0.000000000000000 0.551003960013638 0.000000000000000 0.826165759424535 0.000000000000000 0.381792512078685 0.459742095127517 0.000000000000000 0.000000000000000 0.824719361487195 0.000000000000000 0.795542861164545 0.000000000000000 0.000000000000000 0.000000000000000 0.000000000000000 0.868914824523963 0.045019719375952 0.000000000000000 0.528184613744909 0.000000000000000 0.167753251798425 0.922784549703494 0.000000000000000 0.000000000000000 0.000000000000000 0.544793253669202 0.000000000000000 0.901027104305849 0.883014216569514 0.000000000000000 0.000000000000000 0.000000000000000 0.000000000000000 0.855219306833567 0.000000000000000 0.938850246082377 0.000000000000000 0.000000000000000 0.861989731701465 0.000000000000000 0.000000000000000 0.850552076811524 0.000000000000000 0.255631364721106 0.000000000000000 0.000000000000000 0.218994469884678 0.803066007075485 0.000000000000000 0.042998893017098 0.000000000000000 0.000000000000000 0.000000000000000 0.288125632284308 0.232356206614269 0.000000000000000 0.133252632368102 0.000000000000000 0.000000000000000 0.000000000000000 0.000000000000000 0.266407987071690 0.000000000000000 0.429052217262863 0.000000000000000 0.000000000000000 0.242587045477103 0.847148082525837 0.655321588022634 0.002964587075477 0.925682681254017 0.365140192411745 0.380701918619592 0.000000000000000 0.000000000000000 0.000000000000000 0.000000000000000 0.000000000000000 0.000000000000000 0.000000000000000 0.000000000000000 0.000000000000000 0.000000000000000 0.000000000000000 0.798349346274687 0.000000000000000 0.000000000000000 0.000000000000000 0.154174982909159 0.124945459635443 0.744456600818391 0.525023184451700 0.000000000000000 0.845254642762515 0.000000000000000 0.000000000000000 0.000000000000000 0.060394459834099 0.000000000000000 0.594307802699141 0.241940916700751 0.835466627445255 0.000000000000000 0.078292011054563 0.000000000000000 0.000000000000000 0.000000000000000 0.695350896263330 0.000000000000000 0.000000000000000 0.479328823195973 0.788093794161894 0.000000000000000 0.949362492138660 0.000000000000000 0.000000000000000 0.000000000000000 0.920484398973257 0.355764816285744 0.167945437310484 0.957972552314361 0.000000000000000 0.000000000000000 0.000000000000000 0.319387279564906 


-3.360081755754062 -1.121570656062941 4.437142647133574 1.562149138700416 0.549961896858723 -0.920467974610767 -0.199896378879906 0.347735436121511 0.188702661329515 -0.816063914181522 -0.467558491421411 0.701547799100101 -0.852787473915357 0.845827870911193 
1.592838827402879 -0.501903702241661 4.776018661633138 0.189943481547285 -1.299092225861981 -0.199476274364358 0.083228861318261 0.306661491100443 -1.312192341554489 0.367242728205412 0.192987893472278 -0.074261099092498 0.090270306865054 0.146416931882135 
2.705398159913550 1.245187721076487 -5.215525264053254 -1.087238929833259 -0.575891341134585 0.365312431491970 0.523194959816376 -0.248463853506351 0.296568703257760 0.071825153840147 0.684627357690524 -0.773749325243806 0.940554205094479 -0.357490199923602 
-6.441658279956880 0.034831646446774 -6.645183630520874 0.568781251195252 3.706831436856993 0.141817747153647 -0.702624285550384 -0.510052549055261 2.904700743876189 -0.955490827563050 1.504472591420181 0.917225194311863 -1.114960602074567 -0.019724376755528 
-2.628460765196635 -0.584150563210699 5.806652220290165 1.088954807284295 0.536986839187516 -0.755566378700197 -0.141224502212627 0.125437293587239 -0.536018223358910 -0.384704234700521 -0.087436509756697 0.505963588285299 -0.615039218853573 0.692237506411028 
10.061708085647753 -1.994316397650192 13.057956604769947 -0.127933325848323 -5.416235568521273 0.986417931641791 1.828125360743520 0.723709852285963 -4.203649636721280 0.791457914611196 -2.975238964537427 -2.118524011068463 2.575235418236014 -1.009102125257157 
0.047665358328489 1.508985982749185 -7.492758420500055 -1.450890717575523 1.180585269529868 0.688751504476532 -0.453470209592414 -0.428681841703763 2.225384454084240 0.248247309172476 1.173946387591888 0.055182724522367 -0.067079016297336 -0.593704205888316 
3.707308431168395 0.032967134791645 0.334997061407752 -0.091226691849060 -0.990915627478706 0.234222081566855 0.418222853860984 -0.192694070436384 -1.112048661051227 0.167937629522901 -0.694311401475592 -0.583805284680050 0.709662028188757 -0.260556115040834 
-3.344453667504259 -0.965579157450243 1.251933888808199 0.660088658781254 1.402987857534434 -0.433002101852077 0.041133523078986 0.585521978912308 -0.102426785896442 -0.253987858516019 -0.116511055344763 0.514054055491276 -0.624873828983105 0.425919747047734 
-4.577951039972318 -0.814658979002622 4.935625804387144 1.239108672884446 0.878590795350246 -0.557843307529830 -0.455356887514441 -0.050510090780492 -0.411820630065325 -0.282189975655376 -0.192753803144358 1.307651003511149 -1.589554407379786 1.596868825276610 
-4.534580945200890 1.185484272061138 -6.857863021719282 -0.271258451056283 2.041705689680122 -0.030662499556340 -0.738928419142198 -0.552258837692320 2.720224311840308 -0.518070078498513 0.870757829472653 1.826363553315603 -0.781968177123543 0.098457978880272 
5.475937874617177 1.241051846660987 -3.460255771967994 -1.106922878955244 -1.943490068251006 0.954764883238657 0.528797537765438 0.270065890085333 -0.949396526507036 0.507158973366566 -0.746787739044758 -1.271886477658283 1.546079765029018 -0.908977915575913 
-9.014247438348752 1.570005196021353 -6.015974533252765 0.721132322618798 3.792018514869230 -0.889410101327616 -0.911691207662043 -1.195649239128068 3.878368399203830 -0.424428744647830 2.079411296866763 2.521277402691995 -3.064814386189512 0.908942441467241 
11.472241785894122 -2.368199172304171 10.313109253332174 -0.403427591027620 -5.316932482296632 0.840382536554827 1.123306833061353 1.174230790353964 -5.233005880825878 1.877592239321574 -2.851857482044046 -3.132376280367489 3.807653960162767 -0.905795416109576 

