0.000000000000000 0.000000000000000 0.569710170941930 0.000000000000000 0.969139297450682 0.000000000000000 0.000000000000000 0.000000000000000 0.379375619733968 0.677518658341850 0.000000000000000 0.000000000000000 0.213028477224108 0.036796034876124 0.000000000000000 0.249775254799419 0.000000000000000 0.770124261878792 0.343574692041261 0.000000000000000 0.000000000000000 0.454594732339936 0.299853542360993 0.000000000000000 0.931166433153553 0.000000000000000 0.000000000000000 0.000000000000000 0.367317264022623 0.592082824026944 0.006744601545954 0.897841125698592 0.000000000000000 0.726266618035205 0.000000000000000 0.397298876896713 


-0.438590548846540 0.658633511378761 -1.173967617247891 -0.413447185081731 1.494699523215896 0.048112469067489 
0.088744498857920 -0.133268035647507 -1.081147900265865 -1.057529733190963 0.629151629963615 1.158091254770043 
0.368398923721659 2.082683612472967 -0.936229545917396 -2.650880639656075 1.192010610295972 0.038369299464679 
-0.206284459144316 0.309778352557771 0.524240417326561 1.484356885420080 -0.667464664541130 -0.021484835264605 
0.815279483836965 -1.224309075074226 0.550364117984420 1.558324656050766 -0.700725448181375 -0.022555457419223 
0.183985353310238 -0.276291679361709 1.504858713340560 -0.316529041013190 -0.227038285451320 -0.061673309580950 

