0.000000000000000 0.930860121331001 0.000000000000000 0.216800959543526 0.369473608507409 0.161338705931661 0.962774326905431 0.000000000000000 0.724242071502036 0.472327660368278 0.000000000000000 0.000000000000000 0.000000000000000 0.156621072063823 0.444767925535231 0.000000000000000 0.000000000000000 0.000000000000000 0.018311992727833 0.000000000000000 0.981398541207269 0.666073741298708 0.723278073738179 0.000000000000000 0.000000000000000 0.000000000000000 0.000000000000000 0.413188578302290 0.215979150734504 0.000000000000000 0.000000000000000 0.694019150089798 0.871685603042989 0.692774187479607 0.000000000000000 0.000000000000000 0.060734427411743 0.239419040618697 0.172665205420741 0.806546674051263 0.000000000000000 0.144893950878357 0.000000000000000 0.000000000000000 0.456608052880780 0.966002969934149 0.000000000000000 0.000000000000000 0.000000000000000 0.000000000000000 0.000000000000000 0.676243507136316 0.000000000000000 0.666338650128477 0.776706219100116 0.000000000000000 0.735948678773760 0.001927641188285 0.000000000000000 0.000000000000000 0.000000000000000 0.034678720896269 0.257763482479495 0.000000000000000 0.079880297630542 0.938919386213311 0.958256037632094 0.000000000000000 0.000000000000000 0.000000000000000 0.000000000000000 0.315842479385850 0.000000000000000 0.000000000000000 0.000000000000000 0.562287555145051 0.000000000000000 0.000000000000000 0.000000000000000 0.767439054819234 0.524351505768735 0.000000000000000 0.027051191786396 0.000000000000000 0.000000000000000 0.149541431058872 0.414059776250869 0.969898785097927 0.409950316341775 0.452888025531328 0.000000000000000 0.000000000000000 0.000000000000000 0.000000000000000 0.842412417547804 0.798467919501899 0.000000000000000 0.000000000000000 0.000000000000000 0.840872252451209 


-0.380576422336479 18.867712596089042 1.040737389369594 -1.609702384483129 -2.324407013037872 -2.637415342508248 2.527568094977819 8.899672211022745 -0.040770657606560 -6.342740643524740 
0.283959442652971 -13.541951661343457 0.099606673866301 0.563159384939824 1.713681290773470 2.505107608199552 -2.164380090480819 -5.030425883085576 -0.186428079926236 3.991854996068900 
0.074099026023897 -7.772573207946306 0.194683225488671 1.135114514642329 0.473748506959750 0.622665326290511 -0.467157894912505 -4.622420216991745 -0.364377390719986 3.284596554632578 
-0.522478863430206 23.738842136676546 -0.131900342738234 -0.747233097554863 -1.639701443435948 -3.132138866098195 2.871139141281127 10.603096004949659 0.246870281717346 -8.799880077318980 
0.140220928272205 -6.687099449239043 0.049186391342191 0.278091585839503 0.596564799653540 1.237037623970801 -1.068784269280310 -3.932979323020239 -0.092059338400692 3.293592375753866 
-0.108871311828245 5.192044428284579 -0.038189641271854 -0.215917810071618 0.496169960718825 -0.960469386147214 0.829832942141529 2.613561645341277 0.071477354067056 -2.155559049194052 
0.064777178647478 -1.948999536867456 -0.022654161736846 -0.137338386829598 -0.725339242950833 0.579817982492717 0.523558139022261 -0.807525586882496 0.042400490961154 0.809513885615042 
-0.239160112105537 -16.691786921272275 -0.518325607243248 1.118442660335945 2.172327400473121 2.838357790649167 -2.429668159351337 -7.466612104489734 0.970120213678285 5.353607070920793 
1.062987989684359 13.991073975050906 -0.066522315440358 -0.363355808453952 -0.465328409657914 -3.256647796218108 1.402363594302069 4.838074834267433 0.124505989994604 -4.731194363584605 
-0.037096718599896 1.769132821859353 -0.013012706027901 -0.073571651764139 -1.068806098351671 -0.327269525308270 0.282756574000993 1.458420689528644 0.024355133097632 -0.063527326709432 

