0.178296501109572 0.352465860247424 0.760686930060268 0.145675190942239 0.817137094131252 0.031962140207749 0.857445911542123 0.886334249563267 0.692640268971204 0.732305358753178 0.101931655104059 0.122589569858039 0.643377984062773 0.000000000000000 0.931110867463884 0.863383485097188 0.875573239938773 0.666749652444560 0.980211008512286 0.527921075380169 0.808174347877478 0.884778765804893 0.321187834501689 0.451263299440934 0.049885533748446 0.876170588722416 0.000000000000000 0.000000000000000 0.064893193760800 0.524379827524734 0.003624274142309 0.882485566354330 0.144361834671920 0.986569525364334 0.821493858046708 0.624022312729144 0.424188219732047 0.333134265993489 0.999804384100551 0.000000000000000 0.000000000000000 0.000000000000000 0.580703766904951 0.048270916723480 0.281934555035979 0.017124159061988 0.130290594203233 0.373590717758690 0.662950686490955 0.669303311055194 0.729188431635283 0.086229736981226 0.000000000000000 0.000000000000000 0.000000000000000 0.000000000000000 0.735143768043334 0.654496887276947 0.921031525278288 0.153236363960820 0.922430163054430 0.375348217342170 0.729221056886321 0.180861013813041 0.548486997331298 0.000000000000000 0.000000000000000 0.000000000000000 0.000000000000000 0.000000000000000 0.377319594793904 0.266652486336474 0.439545873317024 0.409156233048568 0.841953092308006 0.098703996939455 0.987226170860855 0.444530433042317 0.000000000000000 0.000000000000000 0.000000000000000 0.000000000000000 0.000000000000000 0.000000000000000 0.899354219244601 0.788268225636992 0.538335505555709 0.474057559906276 0.216787523669602 0.538841923101271 0.961803199220750 0.000000000000000 0.000000000000000 0.000000000000000 0.000000000000000 0.000000000000000 0.000000000000000 0.000000000000000 0.712975324367049 0.201319352205159 0.739180980269312 0.474105669468877 0.631447912567233 0.229448569082363 0.000000000000000 0.000000000000000 0.000000000000000 0.000000000000000 0.000000000000000 0.000000000000000 0.000000000000000 0.000000000000000 0.082932057930010 0.579290472698544 0.204208595444833 0.150857393173148 0.988244815656929 0.000000000000000 0.000000000000000 0.000000000000000 0.000000000000000 0.000000000000000 0.000000000000000 0.000000000000000 0.000000000000000 0.000000000000000 0.046761226176794 0.785236058790165 0.308250652711781 0.540872553775131 0.000000000000000 0.000000000000000 0.000000000000000 0.000000000000000 0.000000000000000 0.000000000000000 0.000000000000000 0.000000000000000 0.000000000000000 0.000000000000000 0.298001492207028 0.122877254491559 0.338803940224345 0.000000000000000 0.000000000000000 0.000000000000000 0.000000000000000 0.000000000000000 0.000000000000000 0.000000000000000 0.000000000000000 0.000000000000000 0.000000000000000 0.000000000000000 0.664041611233352 0.649514644149958 0.000000000000000 0.000000000000000 0.000000000000000 0.000000000000000 0.000000000000000 0.000000000000000 0.000000000000000 0.000000000000000 0.000000000000000 0.000000000000000 0.000000000000000 0.000000000000000 0.233278551027520 


5.608635019626400 -2.123111689578819 -37.497858312821990 35.655049025022947 -6.464911125460067 77.313838005773206 -15.063151711590535 11.185423220331913 -52.274596359930584 -795.027536193946617 2088.691885592651943 -138.381963235573863 -524.440196587255173 
0.000000000000000 1.073985961224739 -14.289044634875093 11.283779728749790 -1.644536477835940 25.050910433264804 -4.294892815423383 6.150989507351646 -13.099626214813654 -305.925577340815437 797.528353931373772 -47.052489275294505 -241.660468909358997 
0.000000000000000 0.000000000000000 15.409936574952033 -13.915287525012861 0.837732532616194 -27.096762758427925 4.967477634674003 -7.747460762312077 20.969669244671643 285.132442746405673 -740.740362437279600 50.888817685673104 160.100400298786326 
0.000000000000000 0.000000000000000 0.000000000000000 1.722048412618062 -0.113072924144529 -1.090584962328169 0.406360787338428 -0.067322111493540 -3.593604151127026 37.593013204578391 -100.013570590480228 1.367981681895068 69.606624828163191 
0.000000000000000 0.000000000000000 0.000000000000000 0.000000000000000 1.360278143500570 -2.359532404454841 -0.693479674332923 1.928996137802122 -3.670037000609031 53.568465328415108 -143.749937699217099 4.433037981171095 90.038621931227055 
0.000000000000000 0.000000000000000 0.000000000000000 0.000000000000000 0.000000000000000 2.650273173716860 -0.785788197931670 -0.765110305387146 -6.117376116441381 48.125252765033331 -121.707321330686113 -1.003858437364789 92.833128187608466 
0.000000000000000 0.000000000000000 0.000000000000000 0.000000000000000 0.000000000000000 0.000000000000000 1.111908943775163 -1.229330749921332 -4.233489460196108 60.605963751347659 -155.649181967330122 1.896996520127412 94.816609804858473 
0.000000000000000 0.000000000000000 0.000000000000000 0.000000000000000 0.000000000000000 0.000000000000000 0.000000000000000 1.402573084682503 -3.404776293709877 20.008010855911426 -52.619517906249477 -0.111072381761918 43.385871950494909 
0.000000000000000 0.000000000000000 0.000000000000000 0.000000000000000 0.000000000000000 0.000000000000000 0.000000000000000 0.000000000000000 12.058063250328853 -149.378485792966927 385.350463990961885 -4.704282414376883 -251.306219088454583 
0.000000000000000 0.000000000000000 0.000000000000000 0.000000000000000 0.000000000000000 0.000000000000000 0.000000000000000 0.000000000000000 0.000000000000000 21.385239048677160 -56.350257518853930 0.500196121806209 30.864885283795363 
0.000000000000000 0.000000000000000 0.000000000000000 0.000000000000000 0.000000000000000 0.000000000000000 0.000000000000000 0.000000000000000 0.000000000000000 0.000000000000000 3.355687894694424 -0.620951621788817 -3.144751654165410 
0.000000000000000 0.000000000000000 0.000000000000000 0.000000000000000 0.000000000000000 0.000000000000000 0.000000000000000 0.000000000000000 0.000000000000000 0.000000000000000 0.000000000000000 1.505929723504313 -4.192941889292507 
0.000000000000000 0.000000000000000 0.000000000000000 0.000000000000000 0.000000000000000 0.000000000000000 0.000000000000000 0.000000000000000 0.000000000000000 0.000000000000000 0.000000000000000 0.000000000000000 4.286720727625013 

