0.057756840716980 0.837032474050443 0.206924944123249 0.671949531751128 0.186321181474442 0.048798228378114 0.191053270509537 0.031040161306282 0.113264999204992 0.000000000000000 0.743453721718849 0.179667224827081 0.666003924736173 0.629151755657656 0.454891332905936 0.291261417228233 0.650574783072097 0.134922308113544 0.000000000000000 0.000000000000000 0.326206111640491 0.736320023850944 0.528969425311434 0.310504650288803 0.827280814413549 0.691906602252427 0.275646181057157 0.000000000000000 0.000000000000000 0.000000000000000 0.439777751529922 0.791069911953493 0.998589745353086 0.623772050606013 0.747545019708537 0.623795263182964 0.000000000000000 0.000000000000000 0.000000000000000 0.000000000000000 0.673856071562386 0.689098833822505 0.638036464118864 0.595316326663539 0.081210544851661 0.000000000000000 0.000000000000000 0.000000000000000 0.000000000000000 0.000000000000000 0.096072779168405 0.473832525977567 0.334377343900657 0.022751569859448 0.000000000000000 0.000000000000000 0.000000000000000 0.000000000000000 0.000000000000000 0.000000000000000 0.109343916459752 0.651022375416866 0.637745659993362 0.000000000000000 0.000000000000000 0.000000000000000 0.000000000000000 0.000000000000000 0.000000000000000 0.000000000000000 0.705239560743739 0.901129624401496 0.000000000000000 0.000000000000000 0.000000000000000 0.000000000000000 0.000000000000000 0.000000000000000 0.000000000000000 0.000000000000000 0.053259856929805 


17.313966407896025 -19.493280771426459 -0.246432760330987 3.478900990001930 9.522173814683795 -20.159317109864283 35.486424199929900 -17.463655680392453 -162.263335182463152 
0.000000000000000 1.345073635098660 -0.740837276134751 -0.796609191763114 0.260884185515948 2.434423825268782 -5.505087728667498 4.037820776110524 5.920442937969384 
0.000000000000000 0.000000000000000 3.065546488295388 -5.132645422660171 3.619023559079714 17.483367772960893 -90.793568277230520 74.902137106323636 -148.860590862134586 
0.000000000000000 0.000000000000000 0.000000000000000 2.273875830510176 -2.669404979707637 -4.488110282324142 22.053445998162346 -18.387012459249881 26.381118056960094 
0.000000000000000 0.000000000000000 0.000000000000000 0.000000000000000 1.483996423273926 -10.644224238400515 37.466518119370583 -30.792092083626621 74.638084489605973 
0.000000000000000 0.000000000000000 0.000000000000000 0.000000000000000 0.000000000000000 10.408775603827545 -45.105540357251698 36.702786867027449 -85.334850425373759 
0.000000000000000 0.000000000000000 0.000000000000000 0.000000000000000 0.000000000000000 0.000000000000000 9.145456211714256 -8.442374703061503 33.330899478120507 
0.000000000000000 0.000000000000000 0.000000000000000 0.000000000000000 0.000000000000000 0.000000000000000 0.000000000000000 1.417957890713631 -23.991124556717701 
0.000000000000000 0.000000000000000 0.000000000000000 0.000000000000000 0.000000000000000 0.000000000000000 0.000000000000000 0.000000000000000 18.775867184885140 

