0.964400971563134 0.378058167312494 0.391921605433376 0.394606972244433 0.384290630205992 0.438972667144030 0.107001112084452 0.987484656876340 0.000000000000000 0.224062112586139 0.678179536198508 0.230752499382709 0.205180045624332 0.660872789956517 0.884985336049358 0.491293331143749 0.000000000000000 0.000000000000000 0.963203486230245 0.300747925721655 0.939938744132213 0.133146087548019 0.341700714614280 0.536116067192123 0.000000000000000 0.000000000000000 0.000000000000000 0.148510952844407 0.046364146156163 0.255634611846260 0.676437430291885 0.058360009251460 0.000000000000000 0.000000000000000 0.000000000000000 0.000000000000000 0.218868897400998 0.861761463423104 0.733256222404185 0.846127830219155 0.000000000000000 0.000000000000000 0.000000000000000 0.000000000000000 0.000000000000000 0.407526217889949 0.541443791320624 0.033966638518409 0.000000000000000 0.000000000000000 0.000000000000000 0.000000000000000 0.000000000000000 0.000000000000000 0.257888554658454 0.220673499039018 0.000000000000000 0.000000000000000 0.000000000000000 0.000000000000000 0.000000000000000 0.000000000000000 0.000000000000000 0.022249767906554 


1.036913098894090 -1.749574978587742 0.809940279766799 -1.676928156456024 -3.303543948663975 9.493321375505793 -1.639384949816461 104.890773228970957 
0.000000000000000 4.463048163109489 -3.142376430898507 -0.570976910790026 9.432065550549376 -25.797950299500521 17.690856879330347 -516.096704053828603 
0.000000000000000 0.000000000000000 1.038202222371275 -2.102452101192161 -4.013215705727404 9.466045209054990 -4.324322050125461 161.553562536542898 
0.000000000000000 0.000000000000000 0.000000000000000 6.733510093681028 -1.426394749709193 -1.207544915221843 -11.070936224675496 148.227301653831233 
0.000000000000000 0.000000000000000 0.000000000000000 0.000000000000000 4.568945208180327 -9.661564670091291 7.293796748106092 -231.341220817161229 
0.000000000000000 0.000000000000000 0.000000000000000 0.000000000000000 0.000000000000000 2.453829854623111 -5.151880204619693 47.350385143357073 
0.000000000000000 0.000000000000000 0.000000000000000 0.000000000000000 0.000000000000000 0.000000000000000 3.877643974252345 -38.458525384158634 
0.000000000000000 0.000000000000000 0.000000000000000 0.000000000000000 0.000000000000000 0.000000000000000 0.000000000000000 44.944289046064888 

