0.626542046906725 0.361453718272134 0.138511522376954 0.228542648711310 0.310045569896944 0.161080891739726 0.297299347020266 0.246060067089164 0.261921602929609 0.256453495514907 0.361453718272134 0.652665244672020 0.236599084238401 0.259201095649610 0.281930761911229 0.242116042797017 0.248767220328824 0.140278838106433 0.193137964517249 0.251484124620287 0.138511522376954 0.236599084238401 0.673583205895942 0.253757005933420 0.274205095570580 0.245076494810253 0.364600623392894 0.211201951269960 0.173641193418838 0.252559720828609 0.228542648711310 0.259201095649610 0.253757005933420 0.691415530196497 0.268207878626668 0.331837055684776 0.235593973526414 0.206964316566078 0.047919350135347 0.235475446242028 0.310045569896944 0.281930761911230 0.274205095570580 0.268207878626668 0.457394797960060 0.191461038476170 0.356793644282391 0.408124348659278 0.341868083837065 0.143717026515825 0.161080891739726 0.242116042797017 0.245076494810253 0.331837055684775 0.191461038476170 0.658838799878321 0.281888855866101 0.253407057769987 0.220380917360475 0.286852474448734 0.297299347020266 0.248767220328824 0.364600623392894 0.235593973526414 0.356793644282391 0.281888855866101 0.540989984362750 0.227550350799346 0.282515022641723 0.173961887782830 0.246060067089164 0.140278838106433 0.211201951269960 0.206964316566078 0.408124348659278 0.253407057769986 0.227550350799346 0.617543188681414 0.270887334970300 0.308279868354157 0.261921602929609 0.193137964517249 0.173641193418838 0.047919350135347 0.341868083837065 0.220380917360475 0.282515022641723 0.270887334970300 0.698987854063169 0.233296014829093 0.256453495514907 0.251484124620287 0.252559720828609 0.235475446242028 0.143717026515825 0.286852474448734 0.173961887782830 0.308279868354156 0.233296014829093 0.684899313299245 


3.440645925428983 -1.125579428563155 0.995526466881270 -0.251870664289727 -0.954906170493832 0.551211235939616 -1.247723673959492 -0.051499549031063 -0.122362963782330 -0.804237112955414 
-1.125579428563159 10.358847147099102 1.130831268212702 6.799215404909839 -35.182599774785722 -7.320763870102263 9.923848050698831 19.310987663771932 8.051867596132189 -9.643444303099734 
0.995526466881269 1.130831268212702 3.191346568268698 1.178041155819445 -7.531432423912523 -1.253070851236450 0.172152412921992 3.793948141246186 1.864545869359690 -2.651182515711604 
-0.251870664289735 6.799215404909851 1.178041155819447 8.892408649181098 -32.511895607341607 -7.204125477126201 8.885918538349364 17.151918211235518 8.191945916035321 -8.822154658570700 
-0.954906170493810 -35.182599774785778 -7.531432423912536 -32.511895607341600 161.715459421799835 31.662777590806460 -45.112971045524667 -86.499426840982451 -37.568687260152181 43.225955742387868 
0.551211235939623 -7.320763870102271 -1.253070851236452 -7.204125477126197 31.662777590806439 8.905085729663602 -9.742081746514687 -17.288738395834226 -7.677372116856659 7.918333030728681 
-1.247723673959497 9.923848050698856 0.172152412922000 8.885918538349374 -45.112971045524709 -9.742081746514701 17.275221829754713 24.023757815067597 9.669587142179964 -11.243559926597582 
-0.051499549031077 19.310987663771950 3.793948141246188 17.151918211235504 -86.499426840982380 -17.288738395834226 24.023757815067558 48.876405612812029 19.598438608716684 -23.753219363084845 
-0.122362963782333 8.051867596132210 1.864545869359695 8.191945916035328 -37.568687260152224 -7.677372116856670 9.669587142179964 19.598438608716720 10.965818622662185 -10.328729947156587 
-0.804237112955402 -9.643444303099740 -2.651182515711604 -8.822154658570689 43.225955742387818 7.918333030728676 -11.243559926597555 -23.753219363084838 -10.328729947156562 13.991761467911502 

