0.519652254150525 0.258017151341908 0.361426803180144 0.374824827456255 0.238463771506361 0.225293333892806 0.209305505104921 0.181523857805014 0.260566164887665 0.317130528405021 0.198538254921129 0.258017151341908 0.642318517747193 0.255156785987010 0.195372419958808 0.258646100608526 0.133934922929073 0.212273541087536 0.241795702714390 0.289479325312750 0.281885523237016 0.256825599241086 0.361426803180144 0.255156785987010 0.660265630580077 0.196645160382118 0.182135189639548 0.149426317930899 0.195092553838935 0.274972630970556 0.058817013393036 0.338994204203182 0.205174664106543 0.374824827456255 0.195372419958808 0.196645160382118 0.564221454178226 0.215754354044426 0.254281665825153 0.165594889680225 0.319382580159830 0.308799302930736 0.260265958526399 0.246149166696243 0.238463771506361 0.258646100608526 0.182135189639548 0.215754354044426 0.670994113880363 0.176169439736210 0.216759782142963 0.205261715028593 0.253023672403386 0.276599431307239 0.292574579139429 0.225293333892806 0.133934922929073 0.149426317930898 0.254281665825152 0.176169439736210 0.703463951441526 0.323440980145061 0.299103162178606 0.185536654950718 0.141436502295253 0.264414170969138 0.209305505104921 0.212273541087536 0.195092553838935 0.165594889680225 0.216759782142963 0.323440980145061 0.621115474590051 0.323524601291299 0.292569995458085 0.262200361328316 0.221924929434493 0.181523857805014 0.241795702714390 0.274972630970556 0.319382580159829 0.205261715028593 0.299103162178606 0.323524601291299 0.586410751518258 0.234636106509727 0.188039664764570 0.245794463897341 0.260566164887665 0.289479325312750 0.058817013393036 0.308799302930736 0.253023672403386 0.185536654950718 0.292569995458085 0.234636106509727 0.661332347520189 0.150438391287492 0.224504401026585 0.317130528405021 0.281885523237016 0.338994204203182 0.260265958526399 0.276599431307239 0.141436502295253 0.262200361328316 0.188039664764570 0.150438391287492 0.590088278058405 0.256628096728234 0.198538254921129 0.256825599241086 0.205174664106543 0.246149166696243 0.292574579139429 0.264414170969138 0.221924929434493 0.245794463897341 0.224504401026585 0.256628096728234 0.640700070848429 


8.676780053944379 -0.841998504278412 -3.810307600697978 -4.933275518602620 -0.551773011949568 -0.905582030395135 -1.027743526996033 3.448025042213402 -0.951553222944519 -0.180372537916601 0.828860075759164 
-0.841998504278409 2.701108261170373 -0.061295137381897 0.967429965803215 -0.157487384107749 0.162334743655661 0.375526217056987 -0.856439464834927 -0.852202286700584 -0.700984714894912 -0.391076153557813 
-3.810307600697977 -0.061295137381895 4.259703059995957 2.149177032905885 0.260761045449824 0.399747446794194 0.488661010927757 -2.391194005360860 0.951426610385776 -1.044313511767185 -0.435556881920079 
-4.933275518602627 0.967429965803219 2.149177032905889 6.861591032081868 0.338837522393503 -0.221930040963374 1.989137773684174 -3.602371646112605 -1.011292694676752 -1.373305062582962 -0.649180799003091 
-0.551773011949571 -0.157487384107748 0.260761045449826 0.338837522393505 2.261212501535421 -0.008727894045379 0.063160616553343 -0.338926419329236 -0.348236134252373 -0.578927226641495 -0.546492758181873 
-0.905582030395136 0.162334743655662 0.399747446794194 -0.221930040963374 -0.008727894045379 2.379697913077023 -0.901620265876475 -0.634758792020069 0.404164139936243 0.461418881943920 -0.575930875843200 
-1.027743526996039 0.375526217056988 0.488661010927762 1.989137773684176 0.063160616553343 -0.901620265876474 3.665915801694694 -1.826086617950481 -1.160630390717803 -1.333176124658461 -0.038053470772257 
3.448025042213406 -0.856439464834929 -2.391194005360863 -3.602371646112603 -0.338926419329234 -0.634758792020069 -1.826086617950479 5.197252096403835 -0.076107208358158 0.949286164638856 0.126417399006959 
-0.951553222944517 -0.852202286700584 0.951426610385775 -1.011292694676754 -0.348236134252374 0.404164139936244 -1.160630390717805 -0.076107208358155 3.124076976452323 0.734421007429992 -0.245102103466528 
-0.180372537916596 -0.700984714894913 -1.044313511767188 -1.373305062582964 -0.578927226641495 0.461418881943920 -1.333176124658461 0.949286164638858 0.734421007429990 3.767764369121692 -0.396034412550625 
0.828860075759166 -0.391076153557815 -0.435556881920079 -0.649180799003091 -0.546492758181873 -0.575930875843200 -0.038053470772256 0.126417399006960 -0.245102103466528 -0.396034412550626 2.546035356650154 

