0.192101375842195 0.000000000000000 0.000000000000000 0.000000000000000 0.000000000000000 0.000000000000000 0.000000000000000 0.000000000000000 0.000000000000000 0.000000000000000 0.000000000000000 0.003621922530348 0.088563054547408 0.000000000000000 0.000000000000000 0.000000000000000 0.000000000000000 0.000000000000000 0.000000000000000 0.000000000000000 0.000000000000000 0.000000000000000 0.611761740551486 0.607675327816520 0.200241291298652 0.000000000000000 0.000000000000000 0.000000000000000 0.000000000000000 0.000000000000000 0.000000000000000 0.000000000000000 0.000000000000000 0.805343744650295 0.486473431266470 0.283371884018038 0.656231706151462 0.000000000000000 0.000000000000000 0.000000000000000 0.000000000000000 0.000000000000000 0.000000000000000 0.000000000000000 0.965824433390292 0.206870791589795 0.554960689063295 0.722166130711883 0.166968813302245 0.000000000000000 0.000000000000000 0.000000000000000 0.000000000000000 0.000000000000000 0.000000000000000 0.651350232271776 0.770743553032292 0.589736774846510 0.824041536731878 0.057711547128855 0.797055639449466 0.000000000000000 0.000000000000000 0.000000000000000 0.000000000000000 0.000000000000000 0.235377156475755 0.850625496941191 0.030934499409333 0.901814345017684 0.747070515082775 0.182980454660998 0.570129490106991 0.000000000000000 0.000000000000000 0.000000000000000 0.000000000000000 0.681914610246254 0.489632597402088 0.996483689920896 0.940873567604250 0.563952920781060 0.102813770005030 0.954204334758355 0.967654629747608 0.000000000000000 0.000000000000000 0.000000000000000 0.871435950818690 0.697754917178496 0.907769083785203 0.738547510164906 0.934515130776236 0.281711684324245 0.030808927881514 0.648876914018261 0.663798111189818 0.000000000000000 0.000000000000000 0.046600139596202 0.268232669272287 0.122936243607920 0.080744506412774 0.314845384788619 0.424982885182006 0.299252873627112 0.543224652683180 0.177695338176176 0.830607464071927 0.000000000000000 0.468938285965719 0.929709052303949 0.063161300815886 0.546086165711179 0.858582903610294 0.681286517754778 0.251894516313981 0.674230369401326 0.904866879336236 0.831945559185622 0.862576393511686 


5.205584788843305 0.000000000000013 -0.000000000000001 -0.000000000000001 0.000000000000001 -0.000000000000000 -0.000000000000000 0.000000000000000 -0.000000000000000 0.000000000000000 0.000000000000000 
-0.212890408158336 11.291390130008411 0.000000000000003 0.000000000000001 -0.000000000000002 0.000000000000000 0.000000000000000 -0.000000000000000 0.000000000000000 -0.000000000000000 0.000000000000000 
-15.257639134416964 -34.266155368142336 4.993974986450396 -0.000000000000008 0.000000000000008 0.000000000000000 -0.000000000000001 0.000000000000001 -0.000000000000001 -0.000000000000001 -0.000000000000000 
0.357901523782368 6.426241927784040 -2.156482363445547 1.523852003227036 -0.000000000000001 -0.000000000000000 -0.000000000000000 0.000000000000000 0.000000000000000 0.000000000000000 0.000000000000000 
19.316693538324710 72.107454525114164 -7.271545214193368 -6.590897324975006 5.989142404634630 0.000000000000000 0.000000000000002 -0.000000000000001 0.000000000000000 0.000000000000000 0.000000000000000 
5.472257815044867 2.569861714279062 -0.939015421373824 -1.098225044244121 -0.433649367797253 1.254617558054930 -0.000000000000000 0.000000000000000 0.000000000000000 0.000000000000001 -0.000000000000000 
-28.637717805027652 -120.463164917008640 12.969753783177220 6.578483039782290 -7.708709019466294 -0.402663772322108 1.753987501703054 0.000000000000001 -0.000000000000000 -0.000000000000001 0.000000000000000 
28.203892848444351 99.816396787231398 -11.497779711918625 -4.010832511991981 4.157138520704357 0.263763070103169 -1.729607264601804 1.033426564869355 0.000000000000001 0.000000000000002 -0.000000000000001 
-41.900693961125782 -166.745930056356116 16.842845204296424 11.664841286341906 -11.953565585919677 -0.771596882646929 1.609320261485137 -1.010196668193237 1.506482141396214 -0.000000000000001 -0.000000000000003 
-7.285774699292178 -14.054415374641284 1.950870668687620 0.669585846339614 0.567447092755848 -0.504288908921731 0.154959837071033 -0.459754534739668 -0.322288042367735 1.203938133541024 0.000000000000000 
12.040206815694702 58.100834301110254 -5.371404107110228 -5.205525068676904 5.375149628322696 0.216295136023416 -0.997946206355242 0.695378032701590 -1.269498790682665 -1.161185248365034 1.159317606558697 

