0.512689619751217 0.000000000000000 0.000000000000000 0.000000000000000 0.000000000000000 0.000000000000000 0.000000000000000 0.167642761104473 0.069183351838871 0.000000000000000 0.000000000000000 0.000000000000000 0.000000000000000 0.000000000000000 0.184982053211777 0.495616846375711 0.685862773253054 0.000000000000000 0.000000000000000 0.000000000000000 0.000000000000000 0.605362212178185 0.762970255461253 0.876861071090721 0.365486798859083 0.000000000000000 0.000000000000000 0.000000000000000 0.927230930911181 0.678019514255581 0.294644302501359 0.455252082569006 0.089015614580695 0.000000000000000 0.000000000000000 0.519916416529131 0.434353567671622 0.694206435615377 0.660692904897662 0.319012052723279 0.902480772164612 0.000000000000000 0.536382970872779 0.620727613008079 0.979972386746070 0.755985074180996 0.677009929091052 0.451599116925302 0.636435071978113 


1.950497847967454 -0.000000000000001 0.000000000000000 -0.000000000000000 -0.000000000000000 0.000000000000000 -0.000000000000000 
-4.726380495746323 14.454344483467814 -0.000000000000000 0.000000000000000 -0.000000000000000 0.000000000000000 0.000000000000000 
2.889304940654855 -10.444970785258429 1.458017607891139 0.000000000000000 0.000000000000001 -0.000000000000000 -0.000000000000000 
-0.296013380389563 -5.114949811153629 -3.498016577658895 2.736076933891009 0.000000000000002 -0.000000000000000 0.000000000000000 
7.633039941813404 -49.364203806592258 13.063806346853275 -13.993103660411432 11.233984112904915 0.000000000000001 0.000000000000002 
-3.552881794708870 22.271784065283168 -3.178529936736174 2.943289416383312 -3.971027907356707 1.108056848237871 0.000000000000000 
-6.730053144136949 44.768959585251295 -9.731195281110670 9.546692442463378 -9.132441544075730 -0.786250658078858 1.571252188996886 

