0.377694307128429 0.000000000000000 0.000000000000000 0.000000000000000 0.000000000000000 0.000000000000000 0.000000000000000 0.000000000000000 0.000000000000000 0.000000000000000 0.000000000000000 0.000000000000000 0.623179019403391 0.195232972666946 0.000000000000000 0.000000000000000 0.000000000000000 0.000000000000000 0.000000000000000 0.000000000000000 0.000000000000000 0.000000000000000 0.000000000000000 0.000000000000000 0.551254421317416 0.677216515736732 0.954846872495218 0.000000000000000 0.000000000000000 0.000000000000000 0.000000000000000 0.000000000000000 0.000000000000000 0.000000000000000 0.000000000000000 0.000000000000000 0.794861503797041 0.219939334999110 0.589629190911537 0.164376922672633 0.000000000000000 0.000000000000000 0.000000000000000 0.000000000000000 0.000000000000000 0.000000000000000 0.000000000000000 0.000000000000000 0.256833986123654 0.531863686595436 0.257750459420655 0.051497391365357 0.418433280548022 0.000000000000000 0.000000000000000 0.000000000000000 0.000000000000000 0.000000000000000 0.000000000000000 0.000000000000000 0.437390144564181 0.958990099854007 0.547296889461008 0.682613415591417 0.295696856760379 0.313459632928761 0.000000000000000 0.000000000000000 0.000000000000000 0.000000000000000 0.000000000000000 0.000000000000000 0.103595799083070 0.134896413170423 0.008654348378235 0.448163819736428 0.769384482221788 0.773606823183712 0.468653468726436 0.000000000000000 0.000000000000000 0.000000000000000 0.000000000000000 0.000000000000000 0.036765253771162 0.071668679028150 0.031516532430783 0.058207497433923 0.264112986367006 0.438432283221941 0.222960887255503 0.560023100988292 0.000000000000000 0.000000000000000 0.000000000000000 0.000000000000000 0.288508862011135 0.074738405499021 0.740311446215015 0.369370691446462 0.205194217722970 0.739438262799885 0.364826848876841 0.303909417568165 0.991726245743446 0.000000000000000 0.000000000000000 0.000000000000000 0.822959989456754 0.311629237851828 0.426663683834185 0.756477608565812 0.048557046212469 0.103133233930830 0.428895619569615 0.617820284133162 0.956589321903001 0.004345438763123 0.000000000000000 0.000000000000000 0.497440264872572 0.845533668359830 0.070249976388753 0.187982437121787 0.188293043777560 0.604912996121640 0.591319402434324 0.054766103812412 0.503051717989650 0.073543365341842 0.158197692686306 0.000000000000000 0.037618200438638 0.121679843593652 0.384843044753954 0.459085409641674 0.339119492105081 0.207421106651749 0.187784432592730 0.800866711319168 0.168126293562201 0.210676205734674 0.951815804718269 0.694131148444545 


2.647643824983446 0.000000000000016 -0.000000000000006 0.000000000000011 0.000000000000001 -0.000000000000002 -0.000000000000000 0.000000000000001 0.000000000000001 -0.000000000000001 0.000000000000000 -0.000000000000000 
-8.451216308616898 5.122085610538397 0.000000000000002 -0.000000000000002 -0.000000000000001 0.000000000000000 0.000000000000001 -0.000000000000001 -0.000000000000001 0.000000000000001 -0.000000000000001 0.000000000000000 
4.465404894212111 -3.632792932975250 1.047288344137125 -0.000000000000056 -0.000000000000006 0.000000000000011 -0.000000000000000 -0.000000000000002 -0.000000000000004 0.000000000000004 -0.000000000000000 -0.000000000000000 
-17.512727975777608 6.177586478190647 -3.756681710330337 6.083579031295114 0.000000000000031 -0.000000000000063 -0.000000000000001 0.000000000000013 0.000000000000022 -0.000000000000024 0.000000000000001 -0.000000000000000 
8.521764290597329 -5.033124693682146 -0.182776435648468 -0.748717811992362 2.389867265553772 0.000000000000016 0.000000000000000 -0.000000000000003 -0.000000000000005 0.000000000000006 0.000000000000001 -0.000000000000000 
44.462635467297304 -18.032425165592013 6.524700098909633 -12.541771714699241 -2.254440968669759 3.190203442327410 -0.000000000000002 -0.000000000000011 -0.000000000000024 0.000000000000025 0.000000000000001 0.000000000000000 
-68.872703716531973 30.714235292381886 -6.897168486923323 16.114277450250921 -0.202016797435314 -5.266072514165624 2.133772748375250 0.000000000000025 0.000000000000043 -0.000000000000047 -0.000000000000004 0.000000000000000 
-8.931167414884655 3.169611848728796 -1.944395829704583 3.123978625284418 0.718303520771919 -0.400983421318910 -0.849514715267619 1.785640624887193 -0.000000000000006 0.000000000000006 0.000000000000000 0.000000000000000 
-3.785776099160760 2.241286800425761 -1.076534196466153 0.355012358018865 1.040644957077755 -0.318526623048546 -0.524622664681442 -0.547200403967035 1.008342780371159 0.000000000000003 -0.000000000000001 0.000000000000000 
10465.370091399432567 -4577.379695645624452 1592.525262767642516 -2865.824235036175196 -284.469623084057787 571.176911860360065 25.666010492615762 -133.417812666389239 -221.972967311533722 230.126358812441168 -0.000000000000105 -0.000000000000126 
-4717.089560367411650 2046.753582579698787 -731.192968082255334 1311.448009263621998 135.218269296154944 -256.893388388488745 -17.945072528992725 63.145500379123916 99.984963082750355 -106.981755508221411 6.321204709242812 0.000000000000042 
3314.728115602437811 -1424.924437016242337 523.701377427257512 -936.452866071005019 -100.596301724896648 179.913638462591479 17.346934488521949 -48.021167385314065 -69.975788596466245 76.851150844660580 -8.667846934400186 1.440649943805095 

