0.220106522176046 0.000000000000000 0.000000000000000 0.000000000000000 0.000000000000000 0.000000000000000 0.000000000000000 0.000000000000000 0.234533349173400 0.069039703111003 0.000000000000000 0.000000000000000 0.000000000000000 0.000000000000000 0.000000000000000 0.000000000000000 0.343306506452486 0.137786109811472 0.017272053850166 0.000000000000000 0.000000000000000 0.000000000000000 0.000000000000000 0.000000000000000 0.081408280740671 0.044978094061581 0.488938507403899 0.327556458930502 0.000000000000000 0.000000000000000 0.000000000000000 0.000000000000000 0.377821212979923 0.869823224715502 0.421913277167845 0.077460442319215 0.135414788667064 0.000000000000000 0.000000000000000 0.000000000000000 0.587173779836534 0.045093291666581 0.928823962270471 0.815764490897940 0.255407010476981 0.333800973234378 0.000000000000000 0.000000000000000 0.644977512099620 0.071784797773942 0.108263924781800 0.728916707059150 0.166814479342747 0.437929527876546 0.659604645144037 0.000000000000000 0.838322310654617 0.311090793068432 0.618285516946967 0.515731632156627 0.096686729256432 0.353016518895312 0.274664668758853 0.991089305114047 


4.543254739176589 0.000000000000045 -0.000000000000023 0.000000000000000 -0.000000000000000 0.000000000000000 -0.000000000000000 0.000000000000000 
-15.433796817083865 14.484419181122256 0.000000000000061 -0.000000000000002 -0.000000000000000 0.000000000000001 0.000000000000000 -0.000000000000001 
32.817979583292129 -115.548028576022247 57.896994108226096 0.000000000000009 0.000000000000008 -0.000000000000002 -0.000000000000000 0.000000000000003 
-47.996763053050636 170.487857999820505 -86.421956003787841 3.052908812316133 -0.000000000000010 0.000000000000013 0.000000000000001 -0.000000000000015 
11.665240525956548 169.451937574067756 -130.954881359550541 -1.746335605512455 7.384717798132330 0.000000000000016 0.000000000000000 -0.000000000000013 
11.146838622447600 -226.741477568785058 150.301066350890409 -6.124692288742894 -5.650399031978852 2.995797137169670 0.000000000000000 0.000000000000006 
34.540073987739063 -63.328502762946385 19.329983788819337 1.134287689257931 1.883853812958966 -1.988991489907014 1.516059669018296 0.000000000000003 
-9.176430717827339 60.603577574455350 -37.264815574540044 0.448934954311107 0.770114154991446 -0.515856830764467 -0.420151871946242 1.008990809243900 

