0.681154635552037 0.912983311066197 0.274151908646547 0.370991896743922 0.375702914568653 0.703722335222160 0.925029294793200 0.000000000000000 0.833649976831946 0.140802502921152 0.572608487389348 0.087716694778100 0.328957421971120 0.725820226617532 0.000000000000000 0.000000000000000 0.279274951316930 0.504756915161425 0.549637703973108 0.100802716473052 0.900682939932076 0.000000000000000 0.000000000000000 0.000000000000000 0.908769357989406 0.845669290652867 0.062042091821653 0.821267327691365 0.000000000000000 0.000000000000000 0.000000000000000 0.000000000000000 0.585629639274197 0.006218752657878 0.826161384207074 0.000000000000000 0.000000000000000 0.000000000000000 0.000000000000000 0.000000000000000 0.651809612800637 0.144470380106325 0.000000000000000 0.000000000000000 0.000000000000000 0.000000000000000 0.000000000000000 0.000000000000000 0.492499957896714 


1.468095418875857 -1.607805018576273 -0.630554904780905 0.763965287922212 -1.212407246954229 -0.737222694457630 1.741334849680011 
0.000000000000000 1.199544206550837 -0.604776138534721 -0.419913207091380 0.994306606239222 -0.481378210817750 -1.488312267285144 
0.000000000000000 0.000000000000000 3.580700651041085 -1.988825216042412 -0.488704217779714 -0.359789638833294 -2.306581557720625 
0.000000000000000 0.000000000000000 0.000000000000000 1.100389214500406 -1.588999777439416 -0.089579611821606 0.856849101861399 
0.000000000000000 0.000000000000000 0.000000000000000 0.000000000000000 1.707563847416185 -0.016291440024931 -2.859634115066848 
0.000000000000000 0.000000000000000 0.000000000000000 0.000000000000000 0.000000000000000 1.534190322390750 -0.450040767470928 
0.000000000000000 0.000000000000000 0.000000000000000 0.000000000000000 0.000000000000000 0.000000000000000 2.030457026373426 

