0.589621994763782 0.000000000000000 0.000000000000000 0.000000000000000 0.000000000000000 0.000000000000000 0.549120537260902 0.529833090482779 0.000000000000000 0.000000000000000 0.000000000000000 0.000000000000000 0.601973758864359 0.246271146043500 0.870005608878991 0.000000000000000 0.000000000000000 0.000000000000000 0.083470732689306 0.280399897986681 0.904555337283311 0.666521577075758 0.000000000000000 0.000000000000000 0.384247976924207 0.082087756850145 0.829527860400777 0.906037515160700 0.703769360722678 0.000000000000000 0.406393835164689 0.822330063201701 0.591781327283659 0.754934822670034 0.436110802248210 0.877510330580316 


1.696001860311582 -0.000000000000000 0.000000000000000 -0.000000000000000 -0.000000000000000 0.000000000000000 
-1.757741200877399 1.887386835519859 0.000000000000000 0.000000000000000 0.000000000000000 -0.000000000000000 
-0.675935498464755 -0.534259680934471 1.149417877073814 0.000000000000000 -0.000000000000000 0.000000000000000 
1.444401848938942 -0.068948450938738 -1.559907602747863 1.500326522642100 -0.000000000000000 0.000000000000000 
-1.783782096435642 0.498347670592284 0.653425229433544 -1.931530683729208 1.420920056782711 -0.000000000000000 
0.961472585345501 -1.596759832505506 0.242115362226906 -0.330807890407182 -0.706178109019268 1.139587723529909 

