0.711956686439592 0.213151320038534 0.731713854049516 0.083270186465790 0.297086743275907 0.733904476792172 0.000000000000000 0.515227383031022 0.845801701222487 0.132846928077636 0.549760961462544 0.659890050418069 0.000000000000000 0.000000000000000 0.323729511048481 0.780247427868207 0.863329716540462 0.532619064647044 0.000000000000000 0.000000000000000 0.000000000000000 0.348745984485555 0.296463815114174 0.209231680434401 0.000000000000000 0.000000000000000 0.000000000000000 0.000000000000000 0.889519809604530 0.552504756875276 0.000000000000000 0.000000000000000 0.000000000000000 0.000000000000000 0.000000000000000 0.624142941776321 


1.404579827743283 -0.581079450051185 -1.656545088962287 3.592156171789538 0.300581309690566 -1.093878998083248 
0.000000000000000 1.940890629913958 -5.070926624363769 10.605817019242842 0.187308667764038 -1.445925295187315 
0.000000000000000 0.000000000000000 3.088998580207415 -6.910999134371987 -0.694715387274426 0.295723898595231 
0.000000000000000 0.000000000000000 0.000000000000000 2.867416528035804 -0.955667579568431 -0.115267657691546 
0.000000000000000 0.000000000000000 0.000000000000000 0.000000000000000 1.124202057337641 -0.995167841841294 
0.000000000000000 0.000000000000000 0.000000000000000 0.000000000000000 0.000000000000000 1.602197081895989 

