0.344555962371124 0.346223789125965 0.786845208073885 0.345296047545217 0.265624079495429 0.090531442454756 0.786861329849913 0.102110698256856 0.373385865092307 0.605468577706165 0.000000000000000 0.105345003642890 0.784514264163184 0.332965756685816 0.551522815333432 0.100940747596947 0.116592804346752 0.845962577553485 0.164422938353904 0.930242579727348 0.000000000000000 0.000000000000000 0.003934627873024 0.012931416145254 0.253428759778549 0.793110139256527 0.127688737533310 0.781270047328019 0.709954759212358 0.701977052467014 0.000000000000000 0.000000000000000 0.000000000000000 0.528018234510309 0.890737403424863 0.265273062680110 0.989080970796267 0.596630149486773 0.101823441962888 0.088951583431294 0.000000000000000 0.000000000000000 0.000000000000000 0.000000000000000 0.158895631504936 0.199261422300117 0.207188619987334 0.884722236146303 0.126938454021144 0.531982448753374 0.000000000000000 0.000000000000000 0.000000000000000 0.000000000000000 0.000000000000000 0.537656084228170 0.045097521610146 0.608863244561663 0.896295354321286 0.242939139088719 0.000000000000000 0.000000000000000 0.000000000000000 0.000000000000000 0.000000000000000 0.000000000000000 0.576565007194675 0.856779565202430 0.432604238679159 0.441963493623018 0.000000000000000 0.000000000000000 0.000000000000000 0.000000000000000 0.000000000000000 0.000000000000000 0.000000000000000 0.731075093660097 0.332288332852343 0.379312648523161 0.000000000000000 0.000000000000000 0.000000000000000 0.000000000000000 0.000000000000000 0.000000000000000 0.000000000000000 0.000000000000000 0.167143213984000 0.346007859212254 0.000000000000000 0.000000000000000 0.000000000000000 0.000000000000000 0.000000000000000 0.000000000000000 0.000000000000000 0.000000000000000 0.000000000000000 0.870412946503414 


2.902286157285799 -9.538568282836092 1321.470057666239200 -28.246393017031824 -1921.063374688265185 -1222.127696716567471 539.691021819799630 1331.628558113749705 -1624.572028524499274 252.005555924881122 
0.000000000000000 9.492619160087610 -1892.706343696570912 40.367273053177229 2759.510636814485224 1747.574449187606660 -780.322185210302337 -1901.678962971441706 2338.774461823278671 -366.928998422899951 
0.000000000000000 0.000000000000000 254.153641023107269 -6.224342801246963 -370.466994815091198 -234.538216051717711 105.863967411177725 253.067035562669389 -313.803983327576191 48.256636090997105 
0.000000000000000 0.000000000000000 0.000000000000000 1.893873988892474 -10.616682052883029 3.000247667461210 0.331545000957535 8.415101140040820 -26.767172907708883 12.262817310466719 
0.000000000000000 0.000000000000000 0.000000000000000 0.000000000000000 6.293439225035809 -2.332419715737455 -2.079110984045850 -3.236987833431646 19.544335345678167 -8.498420493634789 
0.000000000000000 0.000000000000000 0.000000000000000 0.000000000000000 0.000000000000000 1.859925014027406 -0.145478840142360 -1.378513219802505 -6.856656035474003 2.881152149047142 
0.000000000000000 0.000000000000000 0.000000000000000 0.000000000000000 0.000000000000000 0.000000000000000 1.734409802054382 -2.032632336915425 -0.448076949430850 0.183241168889888 
0.000000000000000 0.000000000000000 0.000000000000000 0.000000000000000 0.000000000000000 0.000000000000000 0.000000000000000 1.367848540693052 -2.719345286880240 0.484910742790618 
0.000000000000000 0.000000000000000 0.000000000000000 0.000000000000000 0.000000000000000 0.000000000000000 0.000000000000000 0.000000000000000 5.982893209746038 -2.378328676883525 
0.000000000000000 0.000000000000000 0.000000000000000 0.000000000000000 0.000000000000000 0.000000000000000 0.000000000000000 0.000000000000000 0.000000000000000 1.148879970153428 

