0.956917125261012 0.000000000000000 0.000000000000000 0.000000000000000 0.000000000000000 0.000000000000000 0.000000000000000 0.000000000000000 0.000000000000000 0.000000000000000 0.000000000000000 0.000000000000000 0.000000000000000 0.000000000000000 0.577409903190297 0.273742643343123 0.000000000000000 0.000000000000000 0.000000000000000 0.000000000000000 0.000000000000000 0.000000000000000 0.000000000000000 0.000000000000000 0.000000000000000 0.000000000000000 0.000000000000000 0.000000000000000 0.694799535409529 0.053270276446935 0.395222400385778 0.000000000000000 0.000000000000000 0.000000000000000 0.000000000000000 0.000000000000000 0.000000000000000 0.000000000000000 0.000000000000000 0.000000000000000 0.000000000000000 0.000000000000000 0.088879491033398 0.536395061932906 0.866462845343876 0.902314471248004 0.000000000000000 0.000000000000000 0.000000000000000 0.000000000000000 0.000000000000000 0.000000000000000 0.000000000000000 0.000000000000000 0.000000000000000 0.000000000000000 0.005304706957917 0.650159550569287 0.207909004310892 0.826047532138097 0.490652734708785 0.000000000000000 0.000000000000000 0.000000000000000 0.000000000000000 0.000000000000000 0.000000000000000 0.000000000000000 0.000000000000000 0.000000000000000 0.699063290632552 0.702020708570413 0.836959052296295 0.938555046373033 0.903587836853933 0.049552307024194 0.000000000000000 0.000000000000000 0.000000000000000 0.000000000000000 0.000000000000000 0.000000000000000 0.000000000000000 0.000000000000000 0.924049914602706 0.721585733969303 0.531476622800928 0.767842806670855 0.434890261751136 0.081503898785998 0.497188819717232 0.000000000000000 0.000000000000000 0.000000000000000 0.000000000000000 0.000000000000000 0.000000000000000 0.000000000000000 0.673258585119436 0.600007418533302 0.154913900976346 0.029562437989282 0.427288358279071 0.871351081014001 0.504722731252595 0.676142694093071 0.000000000000000 0.000000000000000 0.000000000000000 0.000000000000000 0.000000000000000 0.000000000000000 0.168406580023139 0.364496510074972 0.220304874141973 0.465527401624686 0.762767345076236 0.323387885309954 0.369426295068109 0.594154986906992 0.927903414837788 0.000000000000000 0.000000000000000 0.000000000000000 0.000000000000000 0.000000000000000 0.275222354357428 0.027303525223565 0.681354089836371 0.722208095506899 0.366338218636538 0.360632498001210 0.174814793542922 0.199742330704195 0.646605084612849 0.867687216349546 0.000000000000000 0.000000000000000 0.000000000000000 0.000000000000000 0.826503515387915 0.644073317210002 0.617629416055841 0.149501167223601 0.544175978616393 0.874371142036211 0.002741160130603 0.018745156905096 0.764452092116670 0.950792739262718 0.291653026624748 0.000000000000000 0.000000000000000 0.000000000000000 0.548065108470667 0.022696278896074 0.748994783989086 0.439470871009377 0.941895128285555 0.348302880160686 0.093473822700687 0.481752166321700 0.019507533775903 0.203302840778648 0.483383489881362 0.747762791088349 0.000000000000000 0.000000000000000 0.674142833124156 0.346879987481945 0.660748008601509 0.233579375548132 0.029803762720927 0.383172950866939 0.377544210723677 0.359470707982619 0.333090553531694 0.129313394849585 0.924472435617673 0.031609834263107 0.335884547476055 0.000000000000000 0.318631990851775 0.864298361228263 0.169866889221251 0.407802566901312 0.983205073626410 0.569716604480209 0.415540152515269 0.584576996584739 0.275018977113887 0.962432883189933 0.056264497371297 0.453029468345129 0.181514423061559 0.733230020143156 


1.045022576774594 0.000000000000000 -0.000000000000000 0.000000000000000 0.000000000000000 0.000000000000000 0.000000000000000 0.000000000000000 0.000000000000000 0.000000000000000 0.000000000000000 0.000000000000000 0.000000000000000 0.000000000000000 
-2.204283474134328 3.653066207688186 -0.000000000000010 0.000000000000001 -0.000000000000007 0.000000000000005 -0.000000000000000 -0.000000000000000 -0.000000000000000 0.000000000000000 -0.000000000000000 0.000000000000000 0.000000000000000 -0.000000000000000 
-1.540040266459587 -0.492380610442503 2.530220956666148 0.000000000000003 -0.000000000000010 0.000000000000006 -0.000000000000000 -0.000000000000000 -0.000000000000000 0.000000000000001 -0.000000000000000 0.000000000000000 -0.000000000000000 -0.000000000000000 
2.686284487659884 -1.698805925035895 -2.429687785489462 1.108261068468607 0.000000000000006 -0.000000000000004 0.000000000000000 0.000000000000000 0.000000000000000 -0.000000000000001 0.000000000000001 -0.000000000000000 -0.000000000000000 0.000000000000000 
-0.960390079548626 -1.771947892820461 3.018391164499749 -1.865833523003967 2.038101347979895 0.000000000000004 0.000000000000000 -0.000000000000000 -0.000000000000000 0.000000000000000 -0.000000000000000 -0.000000000000000 0.000000000000000 -0.000000000000000 
9.130499199931506 21.050638837909268 -51.756967514481119 13.032298539711125 -37.164840527224200 20.180695108942867 0.000000000000003 0.000000000000005 0.000000000000000 -0.000000000000006 0.000000000000008 -0.000000000000000 -0.000000000000004 -0.000000000000001 
-1.902153240511782 -4.052790291477903 6.891930352894394 -2.215899790123706 4.309688567110131 -3.308210616091150 2.011308300473720 -0.000000000000001 -0.000000000000000 0.000000000000001 -0.000000000000001 0.000000000000000 0.000000000000001 0.000000000000000 
-8.588823597825911 -26.037696405100718 59.174067430455999 -14.010069864577094 43.389612077427614 -23.537548420050385 -1.501388727075969 1.478977749425103 -0.000000000000001 0.000000000000006 -0.000000000000010 0.000000000000002 0.000000000000004 0.000000000000001 
3.558412871188807 11.940339237846583 -24.459135402293370 6.288960634298778 -18.221944626832077 9.355391208142990 0.160606614235208 -0.947018829000671 1.077698372491513 -0.000000000000004 0.000000000000001 0.000000000000000 -0.000000000000002 0.000000000000001 
-4.969430553706625 -8.402962434596830 23.489201681600960 -6.566233899587638 17.308630417038589 -9.274412396888962 -0.179286512599249 0.365261492107138 -0.803106504511737 1.152489031942996 -0.000000000000003 0.000000000000000 0.000000000000000 -0.000000000000001 
-14.347088156543178 -68.148552112030814 129.088737011061625 -30.314092412925802 96.122791923885273 -53.244221908507768 0.241103965633332 1.196417827518535 -0.206618607304840 -3.757129546477104 3.428731776154799 0.000000000000003 0.000000000000005 0.000000000000008 
12.525562364372590 57.116103720231251 -108.981553793517719 26.149038134583417 -80.117036148668760 42.874416546064289 0.604554470633371 -1.800857267541552 0.323801374944673 2.115416970199759 -2.216468045183877 1.337322493065654 -0.000000000000009 -0.000000000000000 
39.033597979017472 180.529503938240737 -345.416923347667876 79.277872164111216 -254.681675982847850 142.691988812304743 -1.464696054788456 -3.907800669601649 -0.221328489580597 9.698161103770898 -9.228485954224464 -0.125854382643615 2.977213472647995 -0.000000000000001 
-7.986911944669705 -62.371522591072114 107.130513212297004 -23.010774554505467 78.396405664157456 -44.103830900224125 0.202796114074260 0.684887198931837 0.520514210495170 -4.932289431503496 3.390904225845247 -0.795114897601112 -0.737022722710251 1.363828502009177 

