0.706503377006484 0.245174881503503 0.401039699748943 0.210824109370029 0.257883112469713 0.151705382219585 0.234980698119310 0.301211651022488 0.245174881503503 0.775397758013508 0.276965794128859 0.233656571785364 0.184566284520684 0.212370416707116 0.314523698609358 0.171029487020269 0.401039699748943 0.276965794128859 0.583333197021009 0.396997299062405 0.255857402815991 0.111385493020185 0.319829710956738 0.290537177064293 0.210824109370029 0.233656571785364 0.396997299062405 0.587800639591386 0.406852334345689 0.263493618908109 0.227446954234391 0.333393952921508 0.257883112469713 0.184566284520683 0.255857402815991 0.406852334345689 0.612400286721212 0.181010847229444 0.354571504699608 0.367314258431380 0.151705382219585 0.212370416707116 0.111385493020185 0.263493618908109 0.181010847229444 0.827770609351194 0.357502395385602 0.065357452718127 0.234980698119310 0.314523698609359 0.319829710956738 0.227446954234391 0.354571504699608 0.357502395385602 0.661677412243653 0.022132351850461 0.301211651022488 0.171029487020269 0.290537177064292 0.333393952921507 0.367314258431380 0.065357452718127 0.022132351850461 0.738089340585233 


3.489719737050028 -0.475641215084028 -4.297069533761988 3.383296842811810 -2.765752750987339 -1.339460583031037 2.097218921605402 0.281429262054924 
-0.475641215084026 1.881353131719473 0.683823138250808 -1.080132778506536 1.168239037723284 0.266920348685113 -1.435287075708117 -0.585097603220508 
-4.297069533761984 0.683823138250814 12.460701369866248 -9.705733635638362 8.013173865896034 3.865918767983150 -7.767420559796939 -3.022938851728949 
3.383296842811807 -1.080132778506539 -9.705733635638357 11.411256661163566 -8.454344999749024 -3.826498952494140 6.615627991060184 1.883445293798237 
-2.765752750987333 1.168239037723287 8.013173865896025 -8.454344999749020 10.541025931404743 3.171140314741821 -7.776078672669761 -3.770881789546230 
-1.339460583031036 0.266920348685115 3.865918767983147 -3.826498952494140 3.171140314741822 2.972862358246355 -3.475065624470314 -1.045732511183320 
2.097218921605395 -1.435287075708121 -7.767420559796929 6.615627991060180 -7.776078672669761 -3.475065624470313 8.858036346424512 3.457874819222027 
0.281429262054922 -0.585097603220509 -3.022938851728946 1.883445293798238 -3.770881789546230 -1.045732511183319 3.457874819222026 3.580271429120438 

