0.710101145877180 0.324897445270448 0.298953935898958 0.237820750891278 0.261478644299145 0.375737346139931 0.186322871993447 0.324897445270448 0.778017931375200 0.180837124565507 0.168003065290347 0.302921827732149 0.357315657906229 0.093629802123959 0.298953935898958 0.180837124565507 0.654570533173817 0.267686818559183 0.330951687838242 0.194364202505830 0.480103322172323 0.237820750891278 0.168003065290346 0.267686818559182 0.756738231297223 0.361130726688667 0.271602211412813 0.258310111994007 0.261478644299145 0.302921827732149 0.330951687838242 0.361130726688667 0.681839433595396 0.170707203195341 0.325387309200534 0.375737346139931 0.357315657906229 0.194364202505830 0.271602211412813 0.170707203195341 0.708789623181867 0.296779520381102 0.186322871993448 0.093629802123959 0.480103322172323 0.258310111994007 0.325387309200534 0.296779520381102 0.682157568968258 


2.564959271540514 -0.160025408304502 -1.209166286561538 0.000771044353352 -0.460743025675692 -1.223810348449902 0.924302481228735 
-0.160025408304502 2.227247283066940 -0.537197789006811 0.314168057908834 -1.012224380781723 -1.183883929261194 0.995011755897293 
-1.209166286561538 -0.537197789006809 4.160268295563165 -0.385865449168435 -0.033236409606457 1.119854649912727 -2.849235914029076 
0.000771044353352 0.314168057908834 -0.385865449168436 2.014100889464609 -0.951523179020856 -0.687013571598159 0.218334639021062 
-0.460743025675693 -1.012224380781723 -0.033236409606455 -0.951523179020857 2.932763188312640 0.900109426210766 -1.142040636546283 
-1.223810348449902 -1.183883929261193 1.119854649912727 -0.687013571598158 0.900109426210765 3.165278637313977 -1.837679189209482 
0.924302481228734 0.995011755897291 -2.849235914029074 0.218334639021061 -1.142040636546280 -1.837679189209481 4.343775322766710 

