0.000000000000000 0.000000000000000 0.000000000000000 0.000000000000000 0.000000000000000 0.000000000000000 0.352959326541253 0.464364787129060 0.890518574629307 0.000000000000000 0.000000000000000 0.120624336511998 0.000000000000000 0.000000000000000 0.768956830937306 0.639106894363681 0.955674505484669 0.040620564045999 0.005981725103354 0.781685353518696 0.750683583062185 0.039337046382421 0.189495930020268 0.792480698444736 0.966634410351330 0.222554166335191 0.000000000000000 0.000000000000000 0.000000000000000 0.949631017210332 0.000000000000000 0.000000000000000 0.588751811298820 0.000000000000000 0.244935411376699 0.000000000000000 0.000000000000000 0.000000000000000 0.000000000000000 0.345865049712170 0.635648566662155 0.921674242072066 0.000000000000000 0.338389878065263 0.000000000000000 0.737939446857920 0.234762614805715 0.000000000000000 0.000000000000000 0.000000000000000 0.000000000000000 0.724163259371788 0.746814398106406 0.000000000000000 0.000000000000000 0.000000000000000 0.103716649528328 0.078208789684002 0.000000000000000 0.000000000000000 0.000000000000000 0.000000000000000 0.270624937766351 0.000000000000000 0.000000000000000 0.930049608045869 0.055832978154888 0.166971279569460 0.802477030124595 0.000000000000000 0.000000000000000 0.000000000000000 0.017380517721019 0.000000000000000 0.323512228026420 0.000000000000000 0.000000000000000 0.000000000000000 0.000000000000000 0.237294201758043 0.000000000000000 0.000000000000000 0.637546157933140 0.000000000000000 0.171363809033855 0.000000000000000 0.175623142797870 0.000000000000000 0.321425196353997 0.000000000000000 0.000000000000000 0.680957334566526 0.637841042849316 0.000000000000000 0.000000000000000 0.430110638732419 0.093123680717492 0.000000000000000 0.000000000000000 0.011252463522659 0.287739453423102 0.225827615323796 0.000000000000000 0.294743454604446 0.000000000000000 0.000000000000000 0.000000000000000 0.000000000000000 0.664848930336398 0.000000000000000 0.357882740420603 0.929686514320036 0.000000000000000 0.000000000000000 0.632444328054416 0.000000000000000 0.000000000000000 0.042110763529603 0.868296516099525 0.235436024558659 0.149497342187188 


25.309582156274317 1.729485442699477 6.465043402517067 -25.707565958727752 -1.060016257859018 4.621001306175128 -6.453039582416807 -2.592479187002001 -4.065925792106905 -2.516467389062873 3.525686720546426 
-7.416795299140395 0.008991034321403 -0.159558076752570 7.535264145415427 -0.683994679264427 -2.631699199536596 0.648849759599266 -0.013477459117248 0.041994697822417 0.013921286296679 -0.057926651036279 
-1.744097715295581 -0.315372348030088 -0.477525003190802 1.735156055581229 -0.074676902570109 -0.256856105190396 1.626897581893613 0.472739595395383 0.512194938788398 0.360830738214732 -0.366031917785191 
-2.358059550817521 1.341138301051059 1.035172005439214 2.255584364553682 -0.560789358989382 -1.434608914354307 -0.132705001372180 -2.010351198411474 -0.384252121574519 -0.767151880181862 -0.610213339047398 
-13.247872306140410 -2.081379476937057 -4.475371201776261 13.560602616156972 0.225176706964660 -1.844894295096987 4.048693991294192 3.119964378416599 3.813019320906722 1.895863323914526 -1.044628788331517 
-2.837100078143180 -0.038545453197486 -0.436360689080623 2.883034418653383 -0.345988221696338 -0.777100478201826 0.334042318277612 1.626293083287506 0.186140412157034 -0.399281378989094 0.037303272769148 
-13.089769067400329 -0.726804389883820 -0.633485220377827 16.240730227906440 -3.847780886489878 -5.371321131241105 1.874415467045299 1.089471589222797 1.027767732186551 0.766281797253044 -0.659193657537559 
3.493436769277687 -0.441343792312602 0.126478018294392 -3.467332820290793 1.145172935723020 1.232066494412983 -0.913909333036840 0.661569370654582 0.457042017423062 0.393859912855403 -0.198502733511574 
4.489437016583152 0.518211430166619 0.185130982568489 -4.628999387796064 0.927922434627223 1.486470503171427 -0.266367389489482 -0.776793093485983 -0.645684932470323 -0.509097726433998 0.364783215388386 
9.247060907558428 0.996684638082137 2.105874171149279 -9.427200779390665 0.239505229662067 1.965892852658848 -2.519085857214757 -1.494019039674304 -1.813738495226994 0.577622804179191 0.552836468405653 
-0.042752749814931 0.153939106874746 0.021146587955619 0.022697631427933 -0.250664400962132 1.031785296156331 0.056763039291504 -0.230752986284488 -0.180743759976340 -0.146500055174272 0.094999944710730 

